# Temperature (K) 	 Resistance (Ohm)
3.799987487792969887e+02	3.749981834411619985e+01
3.750088958740229828e+02	3.786289184570310340e+01
3.700015411376950283e+02	3.823083114624019885e+01
3.650017395019530113e+02	3.861224365234379974e+01
3.600020904541020172e+02	3.899600601196289773e+01
3.550012512207030113e+02	3.939743041992190342e+01
3.499975128173829830e+02	3.980562973022460227e+01
3.449969482421880116e+02	4.022748565673830257e+01
3.400045623779299717e+02	4.066614151000980115e+01
3.350036010742189774e+02	4.111938476562500000e+01
3.299970550537109943e+02	4.157841491699220171e+01
3.250083923339839771e+02	4.204591751098629970e+01
3.200130004882810226e+02	4.252521896362299714e+01
3.150073547363280113e+02	4.302153770446779646e+01
3.100018005371089771e+02	4.353115081787110086e+01
3.050025024414060226e+02	4.405688095092769885e+01
3.000049438476560226e+02	4.459789657592769885e+01
2.933342895507810226e+02	4.535399246215820312e+01
2.866713562011719887e+02	4.614664077758789773e+01
2.800045471191410229e+02	4.696728897094730115e+01
2.733375549316410229e+02	4.783643554687500199e+01
2.666712951660160229e+02	4.874595642089840197e+01
2.600048522949219887e+02	4.970142745971679688e+01
2.533368453979489914e+02	5.070203781127929688e+01
2.466701507568359943e+02	5.174710464477539773e+01
2.400054016113280113e+02	5.284967803955080257e+01
2.333366012573239914e+02	5.401092033386230185e+01
2.266693496704100141e+02	5.523468872070309743e+01
2.200040512084960085e+02	5.651753234863279829e+01
2.133353500366210085e+02	5.788004302978519888e+01
2.066681442260739914e+02	5.932087326049799714e+01
2.000029983520510086e+02	6.083636474609379974e+01
1.933368988037109943e+02	6.244589233398440342e+01
1.866684494018550140e+02	6.416120147705079546e+01
1.800022506713870030e+02	6.597832107543949576e+01
1.733353042602539915e+02	6.791100692749020595e+01
1.666676483154300001e+02	6.997142791748049717e+01
1.600005493164059942e+02	7.217634582519529829e+01
1.533358535766600141e+02	7.453862380981449576e+01
1.466694488525390057e+02	7.707474517822269888e+01
1.400013504028320028e+02	7.979831695556640625e+01
1.333332519531250000e+02	8.273619842529299717e+01
1.266674499511720029e+02	8.592401123046880684e+01
1.200007514953610013e+02	8.937340164184570312e+01
1.133343009948730042e+02	9.313587570190429688e+01
1.066680488586430045e+02	9.724061965942379970e+01
9.999964904785160513e+01	1.017609939575200002e+02
9.900019836425779829e+01	1.024808540344239987e+02
9.800195312500000000e+01	1.032171630859379974e+02
9.700080108642579546e+01	1.039612846374510013e+02
9.600104904174800424e+01	1.047196235656739987e+02
9.500004959106449576e+01	1.054924011230470029e+02
9.400125122070309658e+01	1.062681274414059942e+02
9.300169754028320312e+01	1.070590858459469956e+02
9.200110244750979405e+01	1.078646697998050001e+02
9.100310134887699576e+01	1.086805038452150001e+02
9.000124740600590201e+01	1.095091781616209943e+02
8.899945068359380684e+01	1.103585014343260013e+02
8.799939727783200283e+01	1.112103195190429972e+02
8.699804687500000000e+01	1.120873069763180041e+02
8.600094985961909799e+01	1.129701881408689985e+02
8.500439834594729405e+01	1.138809051513670028e+02
8.400104904174800424e+01	1.148134762573239982e+02
8.299985122680659799e+01	1.157594909667970029e+02
8.200505065917970171e+01	1.167138862609860013e+02
8.099890136718750000e+01	1.176986007690429972e+02
8.000460052490230112e+01	1.187033042907710012e+02
7.899755096435549717e+01	1.197134361267089986e+02
7.800025177001950283e+01	1.207523655700679939e+02
7.700149917602540484e+01	1.218140144348139984e+02
7.599974822998049717e+01	1.229000053405760013e+02
7.499839782714839487e+01	1.240042121887209987e+02
7.400015258789059658e+01	1.251353111267089986e+02
7.299320220947269888e+01	1.262837409973139984e+02
7.199870300292970171e+01	1.274554100036619957e+02
7.100284957885739345e+01	1.286524349975589985e+02
6.999845123291019888e+01	1.298707443237300083e+02
6.899889755249020595e+01	1.311179354858400075e+02
6.800114822387699576e+01	1.324054702758789972e+02
6.700284957885739345e+01	1.337173663330079876e+02
6.599654769897459516e+01	1.350470690917969989e+02
6.500035095214839487e+01	1.364311950683589885e+02
6.399814987182620030e+01	1.378277465820310113e+02
6.300389862060549717e+01	1.392700460815430006e+02
6.200349998474119673e+01	1.407384674072270059e+02
6.100045013427730112e+01	1.422460205078120055e+02
6.000054931640629974e+01	1.437979013061519993e+02
5.950275039672850141e+01	1.445780102539060010e+02
5.899609947204589844e+01	1.453874700927729862e+02
5.850205039978030186e+01	1.461931765747069960e+02
5.799964904785159803e+01	1.470262100219729859e+02
5.750285148620609732e+01	1.478464508056640057e+02
5.700110054016109729e+01	1.486955868530270095e+02
5.649740028381349788e+01	1.495394680786129982e+02
5.600040054321289773e+01	1.504058087158200010e+02
5.550115013122560015e+01	1.512808309936519890e+02
5.499769973754879970e+01	1.521833078002929938e+02
5.450245094299319959e+01	1.530732882690429904e+02
5.399740028381349788e+01	1.539869534301759870e+02
5.350049972534179688e+01	1.549124182128909979e+02
5.300110054016109729e+01	1.558551397705080035e+02
5.249790000915530186e+01	1.568104013061519879e+02
5.199930000305180045e+01	1.577674591064449885e+02
5.150279998779299717e+01	1.587535284423829864e+02
5.100014877319340201e+01	1.597582672119139886e+02
5.049980163574220171e+01	1.607611318969730121e+02
5.000300025939939985e+01	1.617978475952149893e+02
4.949704933166500354e+01	1.628308908081050106e+02
4.899839973449709873e+01	1.638788186645510052e+02
4.849810028076169743e+01	1.649473147583009904e+02
4.799914932250980115e+01	1.660364758300779897e+02
4.749959945678710227e+01	1.671471667480469989e+02
4.699674987792970171e+01	1.682741198730469989e+02
4.649995040893549714e+01	1.694038192749019913e+02
4.600365066528320312e+01	1.705756838989260018e+02
4.550000000000000000e+01	1.717565386962889988e+02
4.500085067749019885e+01	1.729549874877930051e+02
4.450115013122560015e+01	1.741778683471679869e+02
4.399654960632319955e+01	1.754177130126950033e+02
4.350049972534179688e+01	1.766709179687499898e+02
4.300139999389649859e+01	1.779538537597659911e+02
4.250099945068360086e+01	1.792511065673830046e+02
4.199904823303219814e+01	1.805853308105469921e+02
4.149739837646480112e+01	1.819189303588869961e+02
4.099995040893549714e+01	1.833110690307620132e+02
4.050049972534179688e+01	1.847124246215819880e+02
3.999899864196780186e+01	1.861435739135739880e+02
3.949914932250980115e+01	1.875887112426759984e+02
3.900065040588380327e+01	1.890657727050779897e+02
3.850189971923830257e+01	1.906398199462890091e+02
3.799994850158689985e+01	1.921801626586909890e+02
3.749839973449709873e+01	1.937530825805660015e+02
3.699954986572269888e+01	1.953525158691410013e+02
3.650135040283200283e+01	1.969811151123049910e+02
3.600144958496090197e+01	1.986489077758789961e+02
3.549950027465820312e+01	2.003501943969729950e+02
3.500160026550290127e+01	2.020803289794920090e+02
3.450029945373540130e+01	2.038495407104489914e+02
3.399979972839359732e+01	2.056540731811520004e+02
3.349900054931639914e+01	2.074964758300779977e+02
3.299954986572269888e+01	2.093816607666020104e+02
3.249874877929690342e+01	2.113067657470699885e+02
3.200005054473879795e+01	2.132800537109370111e+02
3.150045013427730112e+01	2.152933648681639909e+02
3.099979972839360087e+01	2.173577233886720137e+02
3.049905014038089845e+01	2.194630300903320119e+02
2.999930000305180045e+01	2.216223211669920090e+02
2.950029945373540130e+01	2.238408947753910070e+02
2.900325012207029829e+01	2.260970755004879891e+02
2.850414943695070136e+01	2.284377276611330103e+02
2.800230026245120030e+01	2.308192327880859978e+02
2.750464916229249823e+01	2.332895953369140045e+02
2.701364994049070134e+01	2.357447116088870018e+02
2.649984931945800071e+01	2.383940148925780136e+02
2.600029945373540130e+01	2.410842077636719978e+02
2.549984931945800071e+01	2.437960012817380004e+02
2.501249980926510119e+01	2.465572125244140125e+02
2.450844955444339845e+01	2.494639437866210017e+02
2.400119972228999998e+01	2.524583850097660047e+02
2.349449920654300072e+01	2.554992440795899995e+02
2.300049972534180043e+01	2.586431091308589885e+02
2.250104999542239881e+01	2.618957336425780227e+02
2.199945068359379974e+01	2.652432794189450078e+02
2.150089931488039952e+01	2.687368945312500159e+02
2.099965000152590022e+01	2.723542883300780204e+02
2.050155067443850143e+01	2.760783361816410206e+02
1.999934959411620028e+01	2.799530517578119770e+02
1.975059986114500177e+01	2.819026306152339885e+02
1.950139999389649859e+01	2.840097845458980146e+02
1.925100040435789950e+01	2.860302606201170192e+02
1.899989986419679866e+01	2.881172515869139943e+02
1.875020027160639913e+01	2.902610845947269809e+02
1.850119972228999998e+01	2.924626287841800263e+02
1.825000000000000000e+01	2.946938549804689842e+02
1.800039958953859909e+01	2.969865203857419829e+02
1.775074958801269887e+01	2.993468939208980260e+02
1.750030040740969994e+01	3.017664837646480009e+02
1.725034999847409978e+01	3.042327844238279795e+02
1.699979972839360087e+01	3.067718670654300013e+02
1.675040054321290128e+01	3.093495153808589748e+02
1.650040054321290128e+01	3.119972741699219796e+02
1.625010013580320134e+01	3.147017901611329762e+02
1.599940013885500001e+01	3.174728973388670283e+02
1.575010013580319956e+01	3.203047277832030204e+02
1.549965000152590022e+01	3.231965502929689933e+02
1.525019979476929954e+01	3.261784259033199760e+02
1.500055027008060016e+01	3.292517199707029931e+02
1.475049972534180043e+01	3.324059344482420215e+02
1.449970006942749912e+01	3.356149011230469910e+02
1.425085020065309926e+01	3.389384240722660024e+02
1.400015020370480023e+01	3.423349743652340180e+02
1.374989986419680044e+01	3.458513024902339907e+02
1.350099992752079991e+01	3.494573010253910184e+02
1.324955034255980024e+01	3.531879132080080126e+02
1.300015020370480023e+01	3.570365850830079921e+02
1.275029993057250088e+01	3.609919110107420011e+02
1.249970006942749912e+01	3.650971356201170011e+02
1.225024986267090021e+01	3.693242712402339976e+02
1.200040006637570045e+01	3.736974310302729805e+02
1.174989986419680044e+01	3.782387499999999818e+02
1.150029993057250088e+01	3.829786566162110262e+02
1.124945020675660068e+01	3.878800622558590021e+02
1.100019979476929954e+01	3.929481268310549922e+02
1.075034999847409978e+01	3.982320794677730191e+02
1.050005006790160067e+01	4.037038671875000091e+02
1.024965000152590022e+01	4.094294769287109830e+02
9.999899864196779120e+00	4.154278735351559817e+02
9.699800014495849609e+00	4.229749401855469841e+02
9.399850368499759412e+00	4.309424597167969750e+02
9.100250244140630329e+00	4.394330932617190228e+02
8.800149917602540839e+00	4.484488226318359807e+02
8.500049591064449572e+00	4.580464843749999773e+02
8.200799942016599786e+00	4.682960064697269900e+02
7.899450063705439895e+00	4.792432788085940274e+02
7.598400115966800428e+00	4.910281634521480214e+02
7.300650119781489700e+00	5.038163519287110148e+02
6.999899864196780008e+00	5.176610839843749545e+02
6.697650194168089932e+00	5.333853552246090430e+02
6.401300191879269796e+00	5.504046472167970023e+02
6.101150035858149856e+00	5.682082116699219796e+02
5.799900054931639737e+00	5.878135925292970114e+02
5.500649929046629971e+00	6.098729736328130002e+02
5.203349828720090109e+00	6.334737597656250045e+02
4.898700237274169922e+00	6.608117321777340294e+02
4.596799850463869852e+00	6.924927001953129775e+02
4.300650119781489700e+00	7.287264428710940365e+02
4.000200033187869764e+00	7.693169226074220433e+02
3.852450013160710007e+00	7.921913342285159843e+02
3.699300050735470080e+00	8.172522851562499682e+02
3.549899935722350186e+00	8.443068884277339521e+02
3.400250077247620073e+00	8.737809838867190138e+02
3.250149965286249998e+00	9.060617285156249636e+02
3.100549936294560105e+00	9.415181079101560044e+02
2.948400020599370119e+00	9.806846691894529613e+02
2.800299882888789949e+00	1.024033803710939992e+03
2.650749921798710051e+00	1.071766005859369898e+03
2.499549984931949798e+00	1.124413012695310044e+03
2.348649978637700197e+00	1.183970129394529977e+03
2.199499964714049849e+00	1.251069926757809981e+03
2.049499988555909979e+00	1.325046208496090003e+03
1.900099992752080080e+00	1.404724926757809953e+03
