# Temperature (K) 	 M/H in emu (multiply by field in Oe)
2.102141976356509900e+00	3.520618066223435438e-11
2.239138007164000133e+00	3.413676606256192374e-11
2.365905523300170010e+00	3.402514450173283628e-11
2.495326280593869850e+00	3.375629021995663606e-11
2.626192927360529783e+00	3.317684205387010000e-11
2.758578181266779783e+00	3.387216796337157602e-11
2.894150495529180134e+00	3.268127217642548321e-11
3.032682418823240411e+00	3.234313774288978665e-11
3.161095976829530141e+00	3.139393621001509416e-11
3.304251909255980113e+00	3.150555368646564345e-11
3.444864034652709961e+00	3.106193372195782805e-11
3.579429984092710182e+00	3.046322904233914945e-11
3.724716663360599700e+00	3.010162855236394932e-11
3.862789511680599919e+00	2.973761513267050184e-11
4.008242011070250577e+00	2.878211767718635631e-11
4.155685663223270154e+00	2.778787757420463550e-11
4.303164005279540127e+00	2.888098680699456401e-11
4.450587034225459426e+00	2.813611007971493292e-11
4.591137170791630417e+00	2.741298191816475183e-11
4.739059686660769266e+00	2.757696787685404957e-11
4.876696825027470261e+00	2.681820170489731306e-11
5.025490045547489792e+00	2.674168517368250542e-11
5.174950361251830167e+00	2.597918479665972990e-11
5.318374633789059835e+00	2.535662715069002043e-11
5.470092535018920010e+00	2.561724374593362025e-11
5.618971824645999646e+00	2.517859375836233534e-11
5.772671699523929334e+00	2.426082163993711173e-11
5.930675029754639560e+00	2.418259348088684029e-11
6.080309391021731180e+00	2.442934840023379988e-11
6.235920906066890090e+00	2.372324082612281596e-11
6.382116556167599875e+00	2.353688301946684015e-11
6.531850337982180399e+00	2.249107134612363877e-11
6.689004898071289951e+00	2.291345866665197252e-11
6.842577457427981180e+00	2.178095757569670815e-11
7.001615762710570401e+00	2.146111562107829758e-11
7.159805536270138937e+00	2.073220138534650519e-11
7.317537546157839579e+00	2.112943513570539905e-11
7.477454662323000711e+00	2.076936027006602883e-11
7.626140594482419210e+00	2.064176516606563638e-11
7.780281782150269443e+00	2.008183255559358566e-11
7.924892663955691141e+00	1.982811858460978179e-11
8.082310676574708808e+00	2.001592833457943666e-11
8.242413520812990058e+00	1.975656237791122192e-11
8.397293090820310724e+00	1.875757926622923364e-11
8.550814628601070666e+00	1.880840178442786527e-11
8.708356380462650037e+00	1.827790093026289750e-11
8.866039276123050428e+00	1.805876501235389857e-11
9.017279148101810193e+00	1.794764359659612604e-11
9.177762508392330432e+00	1.814516003317064151e-11
9.332293987274169922e+00	1.728816928988248477e-11
9.484387397766109729e+00	1.718487112409116025e-11
9.654362678527830255e+00	1.686170426006803889e-11
9.818357944488520062e+00	1.712310519070776701e-11
9.979343414306640625e+00	1.698776962366099352e-11
1.013830232620240146e+01	1.636727127342768790e-11
1.029971265792850055e+01	1.655363677676256062e-11
1.045193433761600055e+01	1.581249723589979239e-11
1.061379146575930044e+01	1.618723481914694455e-11
1.076245212554930042e+01	1.501313094468779240e-11
1.092130756378170098e+01	1.541438655423958715e-11
1.107920360565190165e+01	1.534081361149836627e-11
1.123471879959109998e+01	1.541413903798698021e-11
1.139554595947269888e+01	1.497565271446140221e-11
1.155846214294430041e+01	1.478220600694635904e-11
1.171504306793210048e+01	1.470069456405089725e-11
1.187117338180540038e+01	1.425407666933556358e-11
1.203351068496700016e+01	1.453894312362370276e-11
1.219549322128299984e+01	1.410103084642152845e-11
1.235189962387089935e+01	1.378831086703174648e-11
1.250566482543950109e+01	1.386874335368599723e-11
1.267751932144169835e+01	1.337685383572721310e-11
1.283660078048709785e+01	1.327196062356705649e-11
1.299496364593509945e+01	1.335165485026194800e-11
1.316465377807619852e+01	1.234193609221113890e-11
1.331505966186519885e+01	1.287643466429483951e-11
1.348113727569580078e+01	1.283989050123165498e-11
1.364473390579219902e+01	1.249121892960796990e-11
1.379549360275269976e+01	1.282766524987255006e-11
1.395186948776240143e+01	1.285348335837140282e-11
1.410747909545900036e+01	1.182766896098430546e-11
1.426688861846920098e+01	1.210202240342441458e-11
1.443339395523069868e+01	1.198330017485058863e-11
1.458955001831049891e+01	1.152908661621053368e-11
1.475150823593140181e+01	1.137501202921937800e-11
1.491457366943359908e+01	1.125186849378120864e-11
1.507149267196660070e+01	1.077976410449698360e-11
1.525090169906619941e+01	1.198864145247654617e-11
1.550587654113770064e+01	1.158810865310143860e-11
1.574120569229130062e+01	1.122727835745266190e-11
1.591870880126950105e+01	1.109342592592194933e-11
1.609712791442870028e+01	1.078638691438785747e-11
1.627652931213379972e+01	1.106238449779953815e-11
1.644503974914550071e+01	1.072899313240062913e-11
1.661802864074709873e+01	1.063640173830615939e-11
1.677864360809330080e+01	1.050066286975378292e-11
1.693397235870359907e+01	1.038665465142392219e-11
1.709959411621089842e+01	9.995957165903400428e-12
1.725368022918700106e+01	9.751083839398975134e-12
1.741564273834230292e+01	9.661319083730770343e-12
1.757491779327390091e+01	9.750503843822061347e-12
1.773433971405030007e+01	1.026959835695892311e-11
1.790994071960449929e+01	9.615839968983471053e-12
1.806945800781250000e+01	9.131476496636395430e-12
1.822839832305909979e+01	9.664433430048005201e-12
1.839211273193360086e+01	9.080575221865860457e-12
1.856055259704589844e+01	9.097624904377165318e-12
1.872570800781250000e+01	9.571514490534159517e-12
1.888667201995849965e+01	8.683861635347077727e-12
1.905090522766110084e+01	9.441988686916823015e-12
1.921514606475830078e+01	8.743247204303285088e-12
1.938698005676269887e+01	9.024456553603658107e-12
1.955457401275630147e+01	8.792499377648451768e-12
1.972509956359860084e+01	8.936800405373862735e-12
1.989290618896480112e+01	8.814853704115697179e-12
2.004209613800049894e+01	7.840051635088438972e-12
2.020161914825439808e+01	8.555141635144310352e-12
2.035516738891599786e+01	8.668517052727137958e-12
2.052797317504880326e+01	8.692766369544063147e-12
2.068236923217769885e+01	8.041237170112625726e-12
2.084415817260739701e+01	7.999448851495301775e-12
2.100801753997800247e+01	7.885171743634704039e-12
2.117111873626710050e+01	8.104584373198734130e-12
2.133533954620360262e+01	7.750546303757229849e-12
2.150059795379639738e+01	7.497839519599235207e-12
2.166517829895019887e+01	7.775540925190644063e-12
2.182546710968020065e+01	7.519800977193370454e-12
2.198539638519289952e+01	7.855821061584776503e-12
2.215125274658199928e+01	7.453176964607765069e-12
2.231252384185789950e+01	7.563018385212238647e-12
2.248275375366209872e+01	7.093759733076649359e-12
2.264628124237060192e+01	7.481717394357753246e-12
2.280124759674069779e+01	7.798504475329911071e-12
2.296624660491940162e+01	7.333013638562325030e-12
2.312563133239750002e+01	6.639024867283971303e-12
2.328054141998289950e+01	6.963366742610762656e-12
2.344525241851809838e+01	6.901269998073584944e-12
2.360316658020019887e+01	6.851051744122391997e-12
2.376906394958500002e+01	7.230995496585826575e-12
2.393099021911620028e+01	6.712486896856656758e-12
2.409664249420169924e+01	7.075891346336686492e-12
2.426764106750489702e+01	6.758341685112832506e-12
2.443171405792239526e+01	6.657158082799822420e-12
2.459423446655270240e+01	6.948641570482209566e-12
2.475595664978030186e+01	6.720037237702524884e-12
2.491756820678709872e+01	6.770915918694485455e-12
2.508103656768799894e+01	6.397026485977512537e-12
2.524202442169189808e+01	6.447444344137191737e-12
2.540516185760499823e+01	6.494915217786012098e-12
2.559144210815430043e+01	6.442658104931118929e-12
2.575897693634030006e+01	6.719456475718698088e-12
2.592283725738530009e+01	6.462247749410224836e-12
2.607147979736329901e+01	6.542042161302747240e-12
2.621623802185060015e+01	6.080807157992861059e-12
2.638255691528319957e+01	6.311757159554595363e-12
2.654445266723629970e+01	6.136658190228263389e-12
2.670239925384520063e+01	5.817323599213193873e-12
2.686689567565919745e+01	6.318706971773183489e-12
2.703269577026370030e+01	6.072065680992100318e-12
2.719298934936520240e+01	5.755915451912828280e-12
2.735879993438719637e+01	5.573392431972695679e-12
2.751782894134520063e+01	5.727922113825008945e-12
2.768145942687989702e+01	5.725286231220270145e-12
2.784955310821530006e+01	5.874073184158893159e-12
2.801112556457519887e+01	5.831191553341685680e-12
2.817737579345699928e+01	5.793200599969914068e-12
2.833731079101560013e+01	5.546385690168194751e-12
2.850409317016600141e+01	5.759604003515156218e-12
2.867576789855960229e+01	5.305260040903389369e-12
2.884458446502689810e+01	5.474408153291265262e-12
2.900871276855469816e+01	5.553375739989344593e-12
2.916516876220699928e+01	5.150512933149712272e-12
2.932726669311520240e+01	5.512803780254309669e-12
2.947923851013180396e+01	5.286234641104336157e-12
2.964463996887210229e+01	5.379207446940115732e-12
2.980210685729980113e+01	5.497176946211642915e-12
2.995983791351319780e+01	5.148869921318860490e-12
3.012791061401370030e+01	5.361430064141331658e-12
3.029017639160160158e+01	5.188460248945227619e-12
3.045547676086430045e+01	5.441878931626037418e-12
3.062068176269530184e+01	4.772651377205761771e-12
3.078797054290770063e+01	5.262624827080382267e-12
3.095157718658450108e+01	5.498655168993330602e-12
3.111472415924069779e+01	4.979848665185997283e-12
3.127595710754389913e+01	4.628517909024923530e-12
3.143892765045169924e+01	5.174516491099186478e-12
3.160550498962399857e+01	4.989021713437907966e-12
3.178137016296389916e+01	5.236745913257223609e-12
3.195515632629389913e+01	5.131170991137850265e-12
3.211287307739259944e+01	4.909043036366374405e-12
3.226735115051270242e+01	5.230697857837457835e-12
3.243006706237789416e+01	4.917008128319836878e-12
3.257739448547359729e+01	4.890206418532338583e-12
3.274772262573240056e+01	4.573688366612542820e-12
3.291575241088870030e+01	4.957100451809295030e-12
3.307674217224120383e+01	4.713501343709003899e-12
3.324340820312500000e+01	4.638375157855492242e-12
3.340820312500000000e+01	4.618247747817936268e-12
3.356395530700680041e+01	4.532386042636692216e-12
3.372527885437010298e+01	4.654467991751160773e-12
3.389439392089840197e+01	4.431738636519139365e-12
3.405387496948240056e+01	4.732955522560434651e-12
3.421078872680660510e+01	4.391714205125235789e-12
3.437244606018069959e+01	4.059731443419893073e-12
3.453738594055180045e+01	4.372217038650385311e-12
3.470477104187010298e+01	4.420437185333934757e-12
3.487497329711910510e+01	4.392839593846244623e-12
3.503988075256349788e+01	4.465980679614472188e-12
3.521154975891109729e+01	4.058685538578861012e-12
3.538438224792479758e+01	4.268064600732558220e-12
3.553715896606450286e+01	4.149607159791986474e-12
3.570052337646479401e+01	4.059158021014802453e-12
3.585498809814449572e+01	4.193240281773871873e-12
3.602002906799319959e+01	4.086963815911467698e-12
3.618029785156250000e+01	4.265635115637701640e-12
3.634777069091800428e+01	4.354701562910863303e-12
3.650631141662599788e+01	3.894839764153794817e-12
3.666772842407230115e+01	4.387862043733282726e-12
3.683154678344730115e+01	4.336297520752239133e-12
3.699477958679199929e+01	4.357533644581990817e-12
3.716386604309079900e+01	4.204488078281996691e-12
3.732652282714840197e+01	4.016001207751402628e-12
3.748636627197270599e+01	4.060037847748078437e-12
3.765477180480960584e+01	4.117316469248351934e-12
3.782141494750980115e+01	3.781787548185156026e-12
3.798682212829589844e+01	3.902599813668544727e-12
3.815579414367679334e+01	4.183924273102777913e-12
3.831744766235350141e+01	3.775855031770036685e-12
3.847469902038570666e+01	3.442615637269976776e-12
3.864291191101070666e+01	4.027989847863045934e-12
3.881430435180660510e+01	3.655561869520053345e-12
3.896606826782230115e+01	3.718626633225811116e-12
3.913959312438969818e+01	3.507292809482530853e-12
3.930624961853029475e+01	3.538952905678183777e-12
3.946133232116699929e+01	3.665821253828963458e-12
3.961973381042479758e+01	3.460096099315304418e-12
3.978750610351560368e+01	3.463820755088980833e-12
3.995955657958979401e+01	3.567456502640437485e-12
4.011829948425289416e+01	3.436443638349532994e-12
4.028085136413570666e+01	3.479085791326682778e-12
4.044307327270509944e+01	3.592237990881669944e-12
4.060681343078609729e+01	3.510798533781863444e-12
4.077349853515620026e+01	3.440601747783140107e-12
4.093926048278810015e+01	3.640283744601299566e-12
4.110454559326170454e+01	3.383918023140382120e-12
4.127991294860839844e+01	3.448735787835038134e-12
4.145473861694339490e+01	3.552727259042156821e-12
4.160581970214840197e+01	3.569695574238023572e-12
4.176410484313959870e+01	3.581443460551229639e-12
4.191300201416020599e+01	3.466868479443359066e-12
4.207468986511229758e+01	3.495763905292767928e-12
4.223847961425779829e+01	3.196569062215484447e-12
4.239668846130370383e+01	3.395131168273145283e-12
4.256318092346189985e+01	3.263401356351390799e-12
4.273230552673339844e+01	3.037942144847535088e-12
4.289446640014649859e+01	3.081550605237933290e-12
4.305502510070800071e+01	3.382403579238367487e-12
4.322638511657709870e+01	3.227427977498984276e-12
4.339525794982910156e+01	3.196875081328765723e-12
4.355290412902829900e+01	3.253922992019999251e-12
4.371073722839360443e+01	3.211434868106848860e-12
4.387610054016110439e+01	3.257974743190066795e-12
4.404334449768069959e+01	3.374934764291761218e-12
4.421520996093750000e+01	2.874318561693341982e-12
4.438752746582029118e+01	3.101574606034727168e-12
4.455344200134279475e+01	2.618275933517350427e-12
4.470927810668950286e+01	3.213266672407001026e-12
4.487652206420900569e+01	2.719075494413173664e-12
4.504294967651370030e+01	3.335704886978358830e-12
4.519047355651860443e+01	3.215539138187909889e-12
4.535233497619629617e+01	3.029775325240987205e-12
4.551341819763180041e+01	2.782327193783366030e-12
4.568099212646479401e+01	3.015807121204584154e-12
4.584704399108889561e+01	3.012792465976508381e-12
4.599963760375979405e+01	2.914131984660846496e-12
4.616124343872070312e+01	3.058058687552770374e-12
4.633886337280270595e+01	2.828952860970879507e-12
4.650469970703129974e+01	2.724384493987498294e-12
4.666730499267580257e+01	2.924857993875789586e-12
4.682839202880860086e+01	2.769812118659208951e-12
4.699602699279779472e+01	2.713338436099606381e-12
4.716715812683110443e+01	3.113701787355497214e-12
4.733117103576660156e+01	2.841661259103876459e-12
4.750382232666020599e+01	2.700448808805249958e-12
4.766499900817870383e+01	2.976787584318931655e-12
4.783539199829099431e+01	2.483990482742292265e-12
4.798574256896970525e+01	2.827859981289890278e-12
4.814687728881839490e+01	2.642285921531665733e-12
4.831054496765139561e+01	2.931438538239974694e-12
4.847863388061520595e+01	2.462863064865503523e-12
4.864127159118650212e+01	2.634179093749259730e-12
4.881575012207029118e+01	2.324600645381147438e-12
4.897620201110839844e+01	2.676523134695161994e-12
4.913661003112790127e+01	2.615949445746979453e-12
4.930087471008300071e+01	2.845676385160537320e-12
4.946851158142089844e+01	2.844327555711470950e-12
4.963423156738279118e+01	2.818368076753276290e-12
4.979120254516599431e+01	2.540122367046869691e-12
4.995957374572750354e+01	2.626745148635793294e-12
5.012466621398929334e+01	2.234109673363810771e-12
5.028612136840820312e+01	2.580898355803458682e-12
5.045523452758789773e+01	2.633108721744263503e-12
5.063472175598139557e+01	2.183044347385845967e-12
5.079061317443849788e+01	2.680950112031098317e-12
5.095705795288089490e+01	2.290285307559692113e-12
5.111051368713379617e+01	2.335351017725279249e-12
5.127634048461910510e+01	2.530502509892799823e-12
5.143987274169919743e+01	2.596414731861297323e-12
5.159487533569339490e+01	2.311299396965782074e-12
5.176189804077150569e+01	1.749636821576321244e-12
5.192627334594729405e+01	2.156557943644514758e-12
5.209317207336429334e+01	2.222577532124133205e-12
5.225492286682129617e+01	2.347103646981030731e-12
5.241580390930179334e+01	2.557913128007722148e-12
5.258514595031740413e+01	2.656258145973739137e-12
5.274202919006349788e+01	2.488552161308762952e-12
5.291415023803710227e+01	2.818844688736281215e-12
5.308078193664550071e+01	2.751722113779194347e-12
5.324885177612299714e+01	2.075530516330973952e-12
5.341392707824709873e+01	2.290137181807391660e-12
5.358538818359370026e+01	2.269250086562192360e-12
5.375369071960449929e+01	2.241358960314929974e-12
5.391055297851560368e+01	2.433014335518043374e-12
5.408063888549799714e+01	2.187968329537365013e-12
5.423430252075200286e+01	2.091904415549432151e-12
5.439443778991699929e+01	2.366016343279731827e-12
5.455946350097659803e+01	2.266404750275186623e-12
5.472189712524410510e+01	2.154093630039079516e-12
5.488694381713870030e+01	1.955218981807998594e-12
5.505574417114259944e+01	1.921893801008299416e-12
5.521777153015139561e+01	2.524414137096898196e-12
5.537789344787599788e+01	1.996112615567362575e-12
5.554314613342290130e+01	2.276717158203030568e-12
5.570612716674799714e+01	2.214019082272138324e-12
5.586696243286129970e+01	2.115300056701124349e-12
5.604386901855470882e+01	1.647615047543557491e-12
5.621854019165039773e+01	1.304395898879199382e-12
5.639196395874020595e+01	2.250188261632266064e-12
5.655823707580569959e+01	1.805817747248098932e-12
5.672833824157709870e+01	2.298008466169944045e-12
5.688236427307129617e+01	2.076543853313478896e-12
5.705210685729979758e+01	2.089563522449800404e-12
5.720195770263669743e+01	2.258591750733312751e-12
5.736074447631839490e+01	1.729332554081645913e-12
5.752094078063959870e+01	2.162301958415244919e-12
5.768450355529790130e+01	2.277041775983342431e-12
5.784724044799799714e+01	1.551482831491633863e-12
5.801192855834960227e+01	1.907120134564350682e-12
5.817507171630860086e+01	1.955677005599307834e-12
5.834046363830569959e+01	2.107971283939421944e-12
5.850696372985839844e+01	1.872788095684429364e-12
5.867674636840820312e+01	1.977547758387353426e-12
5.883720779418950286e+01	1.513777366880292454e-12
5.899802207946779475e+01	1.597680159123432793e-12
5.916679573059079900e+01	2.209763146526399075e-12
5.933631324768069959e+01	1.651202993514466968e-12
5.950130653381349788e+01	1.618851575964358717e-12
5.967308425903320312e+01	1.419321130984536518e-12
5.984294319152829900e+01	1.777278329574824481e-12
6.000525093078610439e+01	2.137125590132132007e-12
6.017034149169919743e+01	1.770511246610105010e-12
6.034272956848139557e+01	1.723174512917125208e-12
6.049164390563970528e+01	2.022023139345144794e-12
6.065197563171389561e+01	1.846371521251673877e-12
6.081709098815920100e+01	1.758045574104137584e-12
6.097830963134770599e+01	1.855666165559835713e-12
6.114119911193849788e+01	2.180487203551130526e-12
6.131025695800779118e+01	1.900528972841314263e-12
6.148465538024900212e+01	1.624906113681533162e-12
6.165135383605959873e+01	1.635237323023215524e-12
6.181849288940429688e+01	1.631980046713646472e-12
6.198563385009770599e+01	1.761920101937176908e-12
6.214812469482419743e+01	1.697872264496170397e-12
6.230477523803710227e+01	1.624504784208513574e-12
6.247541809082029118e+01	1.882429144179460418e-12
6.264818572998049717e+01	1.615438899416599573e-12
6.280839157104490056e+01	1.283105288667976277e-12
6.297930526733400569e+01	1.195020534873987311e-12
6.313805770874020595e+01	1.563630913940626716e-12
6.330016326904299717e+01	1.699448374108716792e-12
6.344729614257810368e+01	1.487380776898997783e-12
6.361938476562500000e+01	1.770299872255004942e-12
6.379540634155270595e+01	1.040050445183291804e-12
6.395723724365229401e+01	1.970917441579165240e-12
6.411294937133790484e+01	2.145072558951905023e-12
6.427120590209959516e+01	1.249958108386491780e-12
6.443138122558589487e+01	1.037023139852791611e-12
6.460247039794920454e+01	1.863818881528960996e-12
6.477023315429688921e+01	1.453769766398100187e-12
6.493035507202149859e+01	1.267482996163150075e-12
6.509828948974610796e+01	9.476107506410811982e-13
6.526705551147459516e+01	1.520462364426642503e-12
6.543938064575189628e+01	1.333184168623717191e-12
6.560909652709959516e+01	1.026827938364794509e-12
6.576980972290040484e+01	1.918090420582062076e-12
6.594005966186520595e+01	1.652298041575021495e-12
6.611275100708009234e+01	1.667373337287809090e-12
6.627116775512699576e+01	1.324395248853137684e-12
6.643460845947269888e+01	1.607616205535560309e-12
6.657814788818360796e+01	1.449131408854712898e-12
6.673786163330079546e+01	1.027741981460966754e-12
6.690293502807620030e+01	9.963226509685821043e-13
6.707269668579100141e+01	1.432060592592244005e-12
6.724127960205079546e+01	1.098394057118449218e-12
6.740345382690429688e+01	1.287204826248968778e-12
6.756648635864259234e+01	1.204741758738946051e-12
6.773217773437500000e+01	1.425446705203942335e-12
6.790388107299800424e+01	8.829057007414271285e-13
6.807458496093750000e+01	1.225698988345118819e-12
6.823654556274409799e+01	1.291594784219781444e-12
6.841292953491209516e+01	1.282816393294601650e-12
6.858398056030270595e+01	1.212334207457519258e-12
6.874620437622070312e+01	1.597280182121133811e-12
6.890915679931639204e+01	1.212211133666374493e-12
6.907312774658200283e+01	1.075113719062513295e-12
6.922723007202149859e+01	1.354370982402910216e-12
6.939324188232420454e+01	1.312994034387348991e-12
6.954225540161129970e+01	1.373223855220431641e-12
6.970648574829100141e+01	1.284713788282838856e-12
6.987171554565429688e+01	1.471172865279811047e-12
7.003609848022459516e+01	1.111618641066278830e-12
7.019826126098629970e+01	1.285400877771491519e-12
7.037073516845700283e+01	1.185926794225827714e-12
7.053709030151370030e+01	7.255744152703041370e-13
7.070155334472659092e+01	1.248866463737504895e-12
7.085754776000979405e+01	1.330087794119521713e-12
7.102324295043941049e+01	1.554361691741399709e-12
7.118676757812500000e+01	1.343134246298935226e-12
7.135306930541990766e+01	1.271395707527384728e-12
7.152721023559570312e+01	9.959436216603779995e-13
7.168838119506840201e+01	5.265017178997289222e-13
7.185602188110350141e+01	1.055551696104825734e-12
7.203114700317379970e+01	1.057023592748672350e-12
7.219687652587890625e+01	1.243942509358329345e-12
7.235543441772459516e+01	1.070390518462794998e-12
7.251504135131840201e+01	1.043266907036419842e-12
7.267741012573240766e+01	8.065540993449220035e-13
7.284846115112300424e+01	1.419576447645835158e-12
7.301010894775390625e+01	5.681361700292467829e-13
7.317248916625979405e+01	9.366332148531742059e-13
7.333711242675779829e+01	1.081092004096568296e-12
7.350534439086909799e+01	1.133044450234552688e-12
7.367662429809570312e+01	1.099969819720389188e-12
7.385134124755859375e+01	1.230296224337656491e-12
7.400014495849609375e+01	1.156240507240867678e-12
7.416748809814450283e+01	7.205099070417460136e-13
7.432670593261720171e+01	1.179317580008222252e-12
7.449345779418949576e+01	7.309610265999958430e-13
7.466267776489259234e+01	7.863607911628630312e-13
7.483343887329100141e+01	1.350628910350909694e-12
7.500077056884769888e+01	1.128624934064725494e-12
7.516947555541990766e+01	1.026044465278410103e-12
7.534080505371090908e+01	1.164974700748937647e-12
7.550431823730470171e+01	6.975217062756868418e-13
7.566383743286129970e+01	9.042783057657761149e-13
7.581476974487300424e+01	1.162869483410655916e-12
7.598197174072269888e+01	4.780977714746533467e-13
7.614766311645509234e+01	1.123115511314953306e-12
7.631079101562500000e+01	8.603354136187466574e-13
7.647165298461909799e+01	9.708382849876090835e-13
7.663718795776370030e+01	8.498277407602937429e-13
7.679848480224609375e+01	2.474900404751228013e-13
7.696574401855470171e+01	1.031274739698503508e-12
7.713122940063479405e+01	1.133489569491412326e-12
7.729818344116209516e+01	1.076896216843769573e-12
7.745890808105470171e+01	7.969846075657289477e-13
7.762257766723629970e+01	1.214614417894407205e-12
7.778583145141600141e+01	1.172651011782182151e-12
7.795171737670899859e+01	1.035364556648341332e-12
7.812689208984379263e+01	8.215208400804415147e-13
7.830037307739259234e+01	1.036928276491989588e-12
7.847255325317379970e+01	6.892264303271935345e-13
7.863477706909179688e+01	1.066097494169592655e-12
7.879441070556640625e+01	1.076816503505486068e-12
7.894504547119140625e+01	4.450537225271894884e-13
7.910865020751950283e+01	7.745372726575052762e-13
7.927256393432620030e+01	4.580103406447057999e-13
7.943388748168949576e+01	8.995330911822255667e-13
7.959717178344729405e+01	8.267757259684512806e-13
7.976347732543941049e+01	8.746280457518298533e-13
7.993264770507809658e+01	8.941868259920313215e-13
8.010591888427730112e+01	3.976304797972014131e-13
8.026272201538090201e+01	7.689986649115163239e-13
8.043189239501950283e+01	1.242109142471830214e-12
8.059894943237300424e+01	5.910306945168550469e-13
8.077299499511720171e+01	1.331814604943682076e-12
8.094276428222659092e+01	6.251057144077190110e-13
8.111328125000000000e+01	8.462363897219607795e-13
8.128255844116209516e+01	8.373482252303469266e-13
8.144868087768550424e+01	9.933703154630847644e-13
8.161396789550779829e+01	3.422781080680074275e-13
8.176676177978519888e+01	7.975137291891863696e-13
8.193705368041990766e+01	3.260278150878571894e-13
8.209037017822269888e+01	6.659454107712983226e-13
8.225066375732420454e+01	8.405292842686988548e-13
8.241221618652340908e+01	3.628684848081563602e-13
8.257386398315429688e+01	2.895557368578950347e-13
8.274144363403320312e+01	2.925940247210860160e-13
8.290436553955079546e+01	6.464118161871646541e-13
8.306941604614259234e+01	6.068969955746010438e-13
8.323469161987300424e+01	8.342587568022963483e-13
8.340061187744140625e+01	1.706568457247461171e-14
8.356667709350590201e+01	8.069564428107400431e-13
8.373059844970700283e+01	8.907002222498858450e-13
8.389902877807620030e+01	4.085548333435527541e-13
8.405731201171870737e+01	1.020219632070849993e-12
8.422789001464840908e+01	5.348878055104423729e-13
8.439776992797850141e+01	5.045397780663684870e-13
8.457306671142579546e+01	5.845218978880248336e-13
8.474232864379879970e+01	4.662505734465388418e-13
8.490017700195309658e+01	7.611944668292239789e-13
8.506850051879879970e+01	7.579416032485231637e-13
8.522150802612300424e+01	4.062554298565208224e-13
8.538792800903320312e+01	5.200087570706525415e-13
8.555175781250000000e+01	3.746751075372804686e-13
8.572301101684570312e+01	-1.828195577166755585e-14
8.588805007934570312e+01	2.218466151220264952e-14
8.605027008056640625e+01	5.759237741111539329e-13
8.621625137329100141e+01	5.269289185539347075e-13
8.638448715209959516e+01	3.617017970899019078e-13
8.655183029174800424e+01	5.282644144065463345e-13
8.672488403320308237e+01	8.785227482053076131e-13
8.689296722412109375e+01	5.836956413295795964e-13
8.705482864379878549e+01	6.000944768620975375e-13
8.721883392333980112e+01	3.378812551085264373e-13
8.739326858520509234e+01	4.664024406213489822e-13
8.757668685913090201e+01	3.824403819386382624e-13
8.775344085693359375e+01	1.850320744630470765e-13
8.791239166259769888e+01	5.736780212969097073e-13
8.808063888549800424e+01	4.921409549570454228e-13
8.822699737548829546e+01	4.099414726244003506e-13
8.838505935668949576e+01	5.829757532557710530e-13
8.854603576660160513e+01	3.591545936310774547e-13
8.870748901367191763e+01	2.127954497460390031e-13
8.887838363647459516e+01	8.510439597209323850e-13
8.904044342041019888e+01	3.306213703435105308e-13
8.920955657958980112e+01	6.873800364287077730e-13
8.937807083129878549e+01	2.988341072950910531e-13
8.954558563232420454e+01	6.199497246803158389e-13
8.971868896484379263e+01	8.606266786006536314e-13
8.988260650634769888e+01	1.697780097056134446e-14
9.005206298828129263e+01	5.475155602442054391e-14
9.021157455444340201e+01	-2.236069949751552087e-13
9.038227462768550424e+01	-1.651332393957702569e-13
9.055617141723628549e+01	-5.244735289974733735e-14
9.071032714843750000e+01	2.967293121852502501e-13
9.087951278686519174e+01	3.483914784208711434e-13
9.104696273803709516e+01	7.187597399708377740e-13
9.119719696044920454e+01	-3.371233427785006478e-13
9.136663818359379263e+01	1.791335263019241284e-13
9.154003143310551138e+01	9.802063531618402190e-14
9.170401382446290484e+01	3.295346888661899479e-13
9.186745452880859375e+01	3.254710688644627193e-13
9.202867889404301138e+01	3.691501741577162198e-13
9.219389343261720171e+01	2.040379029539454038e-13
9.235900115966801138e+01	2.384755897229596822e-13
9.253102874755859375e+01	5.316503122206768391e-13
9.270966339111329546e+01	4.376541462933983040e-13
9.288328933715820312e+01	6.089068891230092402e-13
9.305332183837890625e+01	-1.843290879212852332e-13
9.320843124389649859e+01	-5.298106614989109695e-14
9.337429428100590201e+01	7.087771630409924409e-14
9.355051803588871451e+01	-5.942404146374662433e-13
9.372378921508790484e+01	8.909426395131891316e-13
9.388344955444340201e+01	3.218455750236719432e-13
9.404452133178709516e+01	-2.339409011109031843e-13
9.421431350708009234e+01	2.851851970427939948e-14
9.436401367187500000e+01	2.864749823612831629e-13
9.452552032470698862e+01	-2.498368677371918928e-13
9.468426132202149859e+01	2.531996321167504417e-13
9.484976959228519888e+01	8.223156886788680907e-13
9.501376342773441763e+01	-4.122246876580044267e-15
9.518489074707029829e+01	-7.286243909845630423e-14
9.534991455078120737e+01	2.208557894307843686e-13
9.551248931884769888e+01	6.394704981130075677e-14
9.568035507202149859e+01	3.498316088967753080e-13
9.584172821044920454e+01	-1.198627359256947991e-13
9.600294494628910513e+01	4.078254578722817154e-14
9.617194366455079546e+01	-2.861345015496495990e-15
9.633522796630859375e+01	-5.459306314200756728e-14
9.650586318969730826e+01	-4.674365325642554880e-13
9.668061065673829546e+01	2.929765900019456215e-13
9.685998916625980826e+01	3.939749008885100044e-13
9.704147338867191763e+01	-2.005932845511791804e-13
9.720133972167970171e+01	2.804724090944990283e-13
9.736289978027339487e+01	2.629108920513387178e-13
9.751839828491209516e+01	-1.643697696027265130e-14
9.768521118164058237e+01	4.989714750791600200e-13
9.784542465209959516e+01	6.406622189845315777e-15
9.800346374511720171e+01	4.498344243937116415e-13
9.816702651977540484e+01	-1.765628333265824780e-13
9.833455276489259234e+01	-2.563133945959513476e-13
9.849434280395509234e+01	3.143914651879264397e-14
9.866145324707029829e+01	2.850268896028688817e-13
9.882582092285160513e+01	-3.037842014616639329e-13
9.899697875976558237e+01	-1.658900640135490095e-15
9.916662597656250000e+01	2.720238719594780916e-13
9.932911300659179688e+01	3.115726016130868519e-13
9.950473022460941763e+01	-3.879894132060602570e-14
9.967778015136720171e+01	1.055068106587346164e-13
9.984631347656250000e+01	1.338723739393021296e-14
1.000121955871579900e+02	7.171865848065856435e-14
1.001770210266110013e+02	1.731931637219637934e-13
1.003462219238279971e+02	-8.636647291355268366e-14
1.005136985778809873e+02	-5.076008868646572182e-13
1.006850967407229973e+02	-1.709206635169249060e-13
1.008369331359860013e+02	-1.955988398647303996e-13
1.010001678466800143e+02	1.362799527241678330e-13
1.011687622070310084e+02	-4.905397240560464566e-13
1.013336715698240056e+02	2.215688822617097066e-14
1.014984245300289984e+02	5.937226108645219715e-13
1.016639289855960016e+02	-2.744657549842170808e-13
1.018309974670410014e+02	2.852733500527008657e-15
1.019925384521479970e+02	1.183442528089979321e-13
1.021512260437010013e+02	-1.025556701153845679e-13
1.023202781677249931e+02	9.152451805635824731e-14
1.024890365600589917e+02	-1.621622859390950586e-13
1.026508407592770027e+02	-1.761139774818440447e-13
1.028228912353520030e+02	1.097733281575946866e-15
1.029875373840329900e+02	-2.678505462343023465e-13
1.031549758911129970e+02	1.682958445406269994e-14
1.033284072875979973e+02	-2.176148087089046954e-14
1.035002517700199860e+02	3.189183493875511375e-13
1.036668243408199857e+02	3.555631625533331663e-13
1.038262367248539988e+02	-3.709983956711502130e-13
1.039991073608400001e+02	4.141412965910306545e-13
1.041651000976560084e+02	-2.282275794958435488e-13
1.043138732910160087e+02	-6.759626811932262106e-14
1.044776763916020030e+02	6.505806250426286023e-14
1.046483535766599999e+02	-4.522887024330884016e-13
1.048193016052249931e+02	1.093954625841375305e-13
1.049779014587400070e+02	5.272935192060565235e-14
1.051442451477050071e+02	3.878119375035890754e-13
1.053091011047360013e+02	-5.223050836160695253e-14
1.054747734069819955e+02	-1.177012432834715526e-13
1.056390304565430114e+02	-8.101744688150530547e-13
1.058089294433589913e+02	-1.000727571021482596e-13
1.059796867370610016e+02	-2.341059115050940913e-13
1.061602172851560084e+02	-5.029454888745295684e-14
1.063338127136230042e+02	1.025818382380268510e-13
1.065006256103520030e+02	-4.532555502258889043e-13
1.066675453186039988e+02	1.249453771471738343e-13
1.068319511413569955e+02	-1.846528362995863448e-13
1.069970130920410014e+02	-5.425959843490922777e-13
1.071483039855960016e+02	1.402495915491450212e-13
1.073173713684079900e+02	1.394661503620088090e-14
1.074935150146479970e+02	-5.980100901992323524e-13
1.076648139953610013e+02	-1.089723699945686905e-13
1.078185653686520027e+02	-6.127484114369970627e-13
1.079757575988769958e+02	7.726141621441636656e-16
1.081345252990719956e+02	-2.520113627013163261e-13
1.083034515380859943e+02	4.440380160064734473e-15
1.084679336547849999e+02	-1.334305669932871830e-13
1.086264190673829972e+02	-2.459532254086771880e-14
1.088011436462400070e+02	-4.918154715761466017e-13
1.089735870361329972e+02	-2.360095702930042813e-13
1.091431427001950141e+02	-1.848037737968735875e-13
1.093255081176759944e+02	-2.244961102288863470e-13
1.094748039245610016e+02	1.868626399497847779e-13
1.096475410461430045e+02	-2.715928446246252395e-13
1.098037681579589986e+02	-1.503609743548114511e-13
1.099676742553709943e+02	-3.314263091360635713e-13
1.101341705322270030e+02	-5.883793051290043355e-13
1.102998886108400001e+02	-3.300405851170318089e-13
1.104568748474119957e+02	-4.160093279083245999e-13
1.106305274963380043e+02	-4.458264708321725966e-13
1.107947349548339986e+02	-6.398719659649568960e-13
1.109599952697750069e+02	4.267620836176815481e-14
1.111233444213870030e+02	-9.934040038153343001e-13
1.112837486267089986e+02	-1.617448480312426138e-13
1.114538078308110016e+02	-5.608828394231332808e-13
1.116213417053219956e+02	4.732772881313338926e-14
1.117853813171389987e+02	-1.945557219988780315e-13
1.119506721496579900e+02	-4.929205904606429474e-14
1.121197052001950141e+02	-4.111229846244140138e-13
1.122894401550289984e+02	-5.310791359306273437e-13
1.124583053588870030e+02	3.123022387478296929e-13
1.126312294006349930e+02	-6.927742442140698430e-13
1.127968559265139987e+02	-4.770136966045083223e-13
1.129734497070310084e+02	-2.711488454906955255e-13
1.131247749328610013e+02	-4.445318518790773116e-13
1.132871894836430045e+02	3.734454956364211953e-13
1.134599838256839917e+02	-4.961820253750526662e-13
1.136299171447750069e+02	-5.373138028290427476e-13
1.137900772094729973e+02	2.257526897049343713e-13
1.139660758972170100e+02	-6.537203247571356031e-13
1.141345558166500069e+02	-3.621979070007656277e-13
1.142917137145999931e+02	-3.559081586916086041e-13
1.144487457275390057e+02	-6.518100657004741360e-13
1.146239280700679899e+02	-3.199041361699477431e-13
1.147895927429199929e+02	-2.609655586766876636e-13
1.149567108154300143e+02	-5.609149122357981776e-13
1.151330947875979973e+02	-4.890862765797331755e-13
1.153067626953129974e+02	-4.771765392324792053e-14
1.154796447753910087e+02	-2.485864042005516360e-13
1.156421813964839913e+02	7.627489117921862952e-14
1.158051490783690127e+02	-6.714473931309839946e-13
1.159545059204099999e+02	-3.543811608244634411e-13
1.161269454956049856e+02	-7.357333086717107153e-13
1.162808036804199929e+02	-1.546204739673577481e-13
1.164483909606929899e+02	-8.291907773742751995e-13
1.166098899841309873e+02	3.395851061015265046e-13
1.167794532775880043e+02	-1.711208317727641946e-13
1.169397506713870030e+02	-4.574115316805678472e-13
1.170984802246089913e+02	1.468413702623814748e-13
1.172601966857910014e+02	9.301272945318664972e-14
1.174307098388670028e+02	1.595184481142490841e-13
1.175968894958499931e+02	-5.074327681606689249e-13
1.177616004943849930e+02	-4.544714474552004137e-13
1.179297714233400001e+02	-4.957897992875789203e-13
1.180966262817379970e+02	2.634645652401984269e-13
1.182643585205079972e+02	-7.175619180864102276e-13
1.184388580322270030e+02	-5.422674778609518002e-13
1.186097793579099999e+02	3.430152876749584359e-13
1.187807998657229973e+02	-4.254746202144110862e-13
1.189476852416990056e+02	-3.697201458340195006e-13
1.191152076721190127e+02	4.548275430381913802e-13
1.192713203430180045e+02	-8.970611844891900203e-14
1.194428558349609943e+02	-2.328303242192810657e-15
1.196001091003420100e+02	-8.492681411860968570e-13
1.197668304443359943e+02	1.937473122996526258e-13
1.199302406311039988e+02	-6.298860593131278616e-13
1.200962905883790057e+02	-3.414447760725197236e-13
1.202789802551269958e+02	-5.689518778334404302e-13
1.204445724487300140e+02	-6.227180619566977252e-13
1.206019248962399928e+02	-6.757147303747449270e-13
1.207654266357420028e+02	-2.475580889440524365e-13
1.209384574890139987e+02	-2.739332913139095338e-13
1.211081428527829900e+02	-4.588584727752994125e-13
1.212706871032710012e+02	-1.022259164023963325e-13
1.214350166320800071e+02	4.191785881176113747e-13
1.215975685119630043e+02	-1.992612723022263951e-13
1.217704391479490056e+02	-1.356757507312378940e-12
1.219396972656250000e+02	1.771923929186571238e-13
1.221067771911619957e+02	-3.070856870411027151e-13
1.222624702453610013e+02	-7.708774700915386183e-13
1.224333496093750000e+02	2.027774711641164427e-13
1.225844268798829972e+02	2.111026446209145973e-13
1.227597236633300071e+02	-3.773485005714406364e-13
1.229321975708009944e+02	-5.076064923011871900e-13
1.230943756103520030e+02	5.507623107866169238e-13
1.232537918090819886e+02	1.765365797099511759e-13
1.234255905151370030e+02	-7.763980882914011235e-13
1.235892105102540057e+02	3.321317322398110753e-13
1.237542877197270030e+02	-3.403138247687189352e-13
1.239118309020999931e+02	-2.861857028052602194e-13
1.240766563415530044e+02	-7.516269268996139570e-13
1.242401504516599999e+02	-2.656071924377875776e-13
1.244135704040530044e+02	-1.168428825583189826e-12
1.245933723449710016e+02	-1.855961263445984652e-13
1.247634315490719956e+02	1.922453616240415681e-13
1.249288940429689916e+02	-3.188816776301467814e-13
1.250925788879389984e+02	7.404722129657494502e-14
1.252608299255369957e+02	-4.604781297014260491e-14
1.254179153442379970e+02	-6.085553738552495232e-13
1.255737419128420100e+02	-1.555414355208028389e-14
1.257246131896969956e+02	4.639986368772994679e-13
1.259060478210449929e+02	5.001183192704257840e-13
1.260781822204589986e+02	-3.864064597857485311e-13
1.262368011474609943e+02	8.376334521233523453e-13
1.263990592956539984e+02	7.024470049804499603e-14
1.265619049072270030e+02	1.731694844409417171e-13
1.267265357971190127e+02	-3.628911141082812143e-13
1.268863716125489987e+02	-3.871130927701258269e-13
1.270497016906739987e+02	1.631678231129572529e-13
1.272263488769529971e+02	2.512827091669718278e-14
1.274096031188960012e+02	-1.855960569357381876e-13
1.275721511840819886e+02	-1.233668050608236464e-13
1.277426986694339917e+02	-3.692596086598970698e-13
1.279169616699220029e+02	-6.870624643471113830e-13
1.280819625854490198e+02	3.441733466029309362e-13
1.282497177124020027e+02	3.381821830661458439e-13
1.284181518554690058e+02	-7.994110463172688494e-13
1.285773849487300140e+02	3.256644676092266571e-13
1.287447128295899859e+02	-3.671480757164300497e-13
1.289007415771480112e+02	-5.360236271701507911e-13
1.290695724487300140e+02	2.292985422202352880e-13
1.292268295288089917e+02	2.944322124232681974e-13
1.293819122314449999e+02	-9.226874311823292253e-13
1.295460815429690058e+02	-1.874409396907610366e-13
1.297217330932620030e+02	-2.424246165135832026e-13
1.298877410888669885e+02	-1.149733660812430819e-13
1.300556488037109943e+02	3.420376024659957016e-13
1.302275543212890057e+02	-2.466342525938885148e-13
1.303990783691409945e+02	-9.270698760617918195e-14
1.305642700195309942e+02	-4.488755334689925171e-13
1.307388534545899859e+02	-5.832055241119675282e-13
1.308983764648440058e+02	1.720770297806674382e-13
1.310721282958980112e+02	-1.794835634484720235e-13
1.312414398193359943e+02	-3.312995466587632576e-13
1.314173355102539915e+02	-4.870370080643951284e-13
1.315926666259769888e+02	-7.129096749506861745e-13
1.317583465576169885e+02	-3.692406037416695531e-13
1.319297561645509802e+02	-4.368355826569381535e-13
1.320793838500979973e+02	-6.642113086243425835e-13
1.322463989257809942e+02	-5.183006172212471799e-14
1.324039535522460085e+02	-7.152509728654582726e-13
1.325615463256839917e+02	-6.095553667240378125e-13
1.327241821289059942e+02	-5.206880479312283167e-13
1.328894577026370030e+02	2.976865275452506787e-13
1.330518875122070028e+02	-2.322893417990916350e-13
1.332107772827149859e+02	3.462307657315711629e-13
1.333785858154300001e+02	-2.365872277258029796e-13
1.335434799194339917e+02	-7.475261387115171174e-13
1.337144165039059942e+02	-3.368818102513352639e-13
1.338848419189449999e+02	-6.886107012946635041e-13
1.340538635253909945e+02	-1.181289333756958583e-12
1.342244796752929972e+02	2.060559956992166480e-13
1.344086151123050001e+02	-8.787521164117635462e-13
1.345763168334960085e+02	-3.749252016182231710e-13
1.347320098876949999e+02	-7.539492654952348434e-13
1.348980484008789915e+02	-3.083135658992009970e-13
1.350488815307620030e+02	-2.478224437966057966e-13
1.352235412597659945e+02	-7.270713090169563051e-13
1.353990249633789915e+02	-2.599494051293353412e-13
1.355587310791019888e+02	8.794275228488759780e-14
1.357166290283199999e+02	-3.265514040060643907e-13
1.358797531127929972e+02	1.377710118680107187e-13
1.360370635986330115e+02	7.758844915162989130e-14
1.362009048461910083e+02	-8.605206168726874540e-13
1.363702316284179972e+02	-7.178663698147584295e-13
1.365429229736330115e+02	9.782378492073512000e-13
1.366996307373050001e+02	-7.872269241256724260e-13
1.368665084838870030e+02	-6.398061051752207395e-14
1.370338668823240198e+02	1.188865707719640010e-14
1.372086715698240198e+02	-1.907773063733546780e-13
1.373850021362300140e+02	-1.942340182369025458e-13
1.375628890991210085e+02	-3.552116584684778722e-14
1.377269439697269888e+02	-9.365571396208476346e-13
1.378959732055660083e+02	-3.258978311706019853e-13
1.380541229248050001e+02	-1.523682485558682730e-13
1.382157211303710085e+02	-3.215038292860361218e-13
1.383844680786129970e+02	-4.166998019486880988e-13
1.385549240112300140e+02	8.270823146775008021e-14
1.387161178588870030e+02	-7.046326920151512715e-13
1.388785552978519888e+02	-8.495282356476424207e-13
1.390361633300779829e+02	-6.018330369138015840e-13
1.392018280029300001e+02	-3.367094345283044896e-13
1.393660049438479973e+02	-4.281176923256225803e-13
1.395376663208009802e+02	-4.063400976347758623e-13
1.397026214599609943e+02	-2.766421201145270459e-13
1.398622131347659945e+02	-2.123608584915956498e-13
1.400337829589840055e+02	-1.305877956702564848e-12
1.402183914184570028e+02	-2.992076178754778710e-13
1.403824386596679972e+02	-5.695516555032317821e-13
1.405512008666990198e+02	-2.592967895122845877e-13
1.407113342285159945e+02	-2.783551939439530425e-13
1.408779907226559942e+02	-5.590648332857677279e-13
1.410439605712890057e+02	-5.269926244576820937e-13
1.411947174072269888e+02	-3.289244363660911080e-14
1.413576126098629970e+02	4.470517747390559836e-13
1.415252990722659945e+02	-2.495146305515387799e-13
1.416947937011720171e+02	-4.028400752365883681e-13
1.418562774658199999e+02	-1.302896101454450242e-13
1.420236206054690058e+02	4.915926903476982684e-13
1.421899871826169885e+02	2.749605528575415573e-13
1.423535690307620030e+02	-1.356905589905570770e-13
1.425236740112300140e+02	-7.771145420771160548e-15
1.426895828247070028e+02	-6.946649196593665424e-13
1.428491287231450144e+02	-6.080002326968983968e-13
1.430221710205080115e+02	5.052306479884827504e-14
1.431964187622070028e+02	-9.511388337317414193e-13
1.433635482788089917e+02	-5.600810051419797028e-13
1.435395660400390057e+02	1.731072326224018889e-13
1.437106781005859943e+02	-7.580400922009825511e-13
1.438772201538089917e+02	-1.146162466571550636e-13
1.440368423461910083e+02	1.579501748989581562e-14
1.442007141113279829e+02	-6.034281996313768914e-13
1.443532028198240198e+02	-3.060887604500258174e-13
1.445240097045899859e+02	-5.587653357931317745e-13
1.446947021484379832e+02	1.188732290983617616e-13
1.448593597412109943e+02	2.028179475897588099e-13
1.450204620361330115e+02	-3.651612944355025780e-13
1.451857528686520027e+02	-2.886071001999508810e-13
1.453568267822269888e+02	-4.645152350259200555e-13
1.455173492431640057e+02	-2.256570667385791942e-13
1.456811599731450144e+02	9.216359558182486384e-15
1.458516082763669885e+02	4.957749858052952854e-14
1.460247879028320028e+02	-4.459000737132190692e-13
1.462006072998050001e+02	-1.512651762756797201e-12
1.463626327514649859e+02	1.423752071364668338e-13
1.465286712646480112e+02	-6.621919121419506733e-13
1.467036209106450144e+02	-3.013308928341601311e-14
1.468737258911129970e+02	-9.952848152507904168e-14
1.470366973876949999e+02	1.770404124107667875e-13
1.471909637451169885e+02	-6.457449984799377790e-13
1.473547134399410083e+02	-3.661887935777380098e-13
1.475154571533199999e+02	-2.450563276241898683e-13
1.476935043334960085e+02	-4.972534575270286347e-13
1.478524551391600141e+02	-3.781737531581022583e-13
1.480214157104490198e+02	-5.165222987649476732e-13
1.481779479980470171e+02	-8.690596341946295169e-13
1.483436508178710085e+02	-6.687278139405018853e-13
1.485130996704100141e+02	-7.063694771840349486e-13
1.486854324340820028e+02	-1.355602646168185892e-12
1.488516998291019888e+02	3.986765199268077375e-13
1.490198135375979973e+02	-5.601652168317531060e-13
1.491874008178710085e+02	-2.589673663447592144e-13
1.493581924438479973e+02	-4.519890364842339969e-13
1.495284423828129832e+02	1.011315331397420289e-13
1.497003707885740198e+02	-3.462803539453618545e-14
1.498591232299800140e+02	-9.658022085990233744e-14
1.500277175903320028e+02	1.897906520406490314e-13
1.501957321166990198e+02	1.168365171288168002e-12
1.503503646850589917e+02	-2.995676483451821306e-13
1.505121002197269888e+02	1.604179019246948317e-13
1.506716079711910083e+02	-2.157591586129204312e-13
1.508328475952149859e+02	-6.323353152551591183e-13
1.509924545288089917e+02	-1.472016476704506179e-13
1.511603240966800001e+02	-4.171199800096473875e-14
1.513245849609379832e+02	-1.479070876040773730e-12
1.514895324707029829e+02	-5.877078909930672220e-13
1.516506271362300140e+02	-1.691961097003134355e-12
1.518187789916990198e+02	-4.467135536336599888e-13
1.519869613647460085e+02	-9.824437243301933331e-14
1.521612854003909945e+02	-7.471038861021778960e-13
1.523408432006839917e+02	-9.287555886250404046e-13
1.525110092163089917e+02	-1.038498073251975078e-12
1.526677627563479973e+02	-1.023286021948655628e-12
1.528269805908199999e+02	-7.850734116449036139e-13
1.530080184936520027e+02	-1.034364658090231404e-12
1.531579818725589917e+02	-3.153434870027528664e-13
1.533231887817379970e+02	-8.357414040483504899e-13
1.534833831787109943e+02	-5.680464142780404150e-13
1.536468353271480112e+02	-8.819808437064965061e-14
1.538096771240230112e+02	-2.405675076730122052e-13
1.539835281372070028e+02	-1.109076577790209653e-12
1.541502609252929972e+02	-1.419309889285420959e-12
1.543181152343750000e+02	-4.188767163200750126e-13
1.544833755493160083e+02	-1.079561817872373826e-12
1.546439208984379832e+02	-2.592746193396416495e-13
1.548105010986330115e+02	-1.043464708743165350e-12
1.549898452758789915e+02	-2.639413015231397317e-13
1.551606445312500000e+02	-8.360662074280237582e-13
1.553350601196289915e+02	-1.041088943192324520e-12
1.555012283325199860e+02	-2.952174086466235945e-14
1.556606979370120030e+02	3.193100683369243782e-13
1.558326034545899859e+02	-2.188492746654427024e-14
1.559756774902340055e+02	-1.297482760880339385e-12
1.561380462646480112e+02	-3.756180234539445454e-13
1.563146133422850141e+02	-1.281850773055053849e-13
1.564807128906250000e+02	-8.671351930761860957e-13
1.566445159912109943e+02	-8.004374858880434275e-13
1.568178253173830115e+02	9.822164737693456241e-14
1.569839019775390057e+02	-1.057545277465131684e-12
1.571524124145509802e+02	-5.320831479685418850e-14
1.573155441284179972e+02	9.259526624691134371e-13
1.574942321777340055e+02	-1.014134127881650877e-12
1.576606521606450144e+02	-5.858483243430733071e-13
1.578194427490230112e+02	-7.544943964252272696e-13
1.579907073974609943e+02	-1.261422421588597927e-13
1.581694030761720171e+02	-4.281351640574622122e-14
1.583350372314449999e+02	1.378778849802800021e-14
1.585044250488279829e+02	-9.540376520288998606e-13
1.586659317016600141e+02	7.075528575964066714e-13
1.588334121704100141e+02	-4.980178650603716961e-13
1.589764099121090055e+02	-8.150170192999050570e-13
1.591482620239259802e+02	-7.911527589277313602e-13
1.593108139038089917e+02	5.029963166573320785e-13
1.594733657836910083e+02	-8.970488353498094642e-13
1.596357421875000000e+02	-5.166593784893335650e-13
1.597951126098629970e+02	-1.181143019142198801e-12
1.599592742919919885e+02	3.876155408592829231e-13
1.601360702514649859e+02	-4.604504032873670647e-13
1.603092269897460085e+02	-9.242597692447800317e-13
1.604790191650390057e+02	-5.735674789622818761e-13
1.606437301635740198e+02	-8.283139418125910758e-14
1.608116683959960085e+02	3.133633921934883544e-13
1.609779815673830115e+02	-3.490755099312810780e-13
1.611498794555660083e+02	-2.249120389702378463e-13
1.613207855224609943e+02	-7.328759831551723740e-14
1.614930496215820028e+02	-5.596366688640401527e-14
1.616427154541019888e+02	-5.252409227462358749e-13
1.618123168945309942e+02	-5.398945041660143832e-13
1.619634399414059942e+02	-3.686236235439074860e-13
1.621235275268549856e+02	2.000288459380140681e-14
1.622842483520509802e+02	-4.836220978496931205e-13
1.624437026977539915e+02	-1.542551436480642165e-13
1.626186370849609943e+02	-3.519302770870485317e-13
1.627928009033199999e+02	-3.573843511969639453e-13
1.629535217285159945e+02	-6.474393398863458266e-13
1.631293334960940058e+02	-1.041630579693463593e-12
1.632927780151370030e+02	-5.545956551305151416e-13
1.634586639404300001e+02	-1.620867038655046245e-13
1.636255569458009802e+02	-2.501760712306471586e-13
1.637883071899410083e+02	-6.081543890732642005e-13
1.639542083740230112e+02	1.040268710355429307e-13
1.641268768310550001e+02	5.490282052665547599e-14
1.642953948974609943e+02	-4.777548828243923373e-13
1.644604721069339917e+02	-5.764197827504131959e-13
1.646353683471679972e+02	-8.777003212243519381e-13
1.648039321899410083e+02	-9.691171367068704893e-13
1.649677047729490198e+02	-7.882241511549930570e-13
1.651191406250000000e+02	-4.405796714720972208e-14
1.652847976684570028e+02	-2.100093123331355599e-13
1.654517135620120030e+02	-4.372936399517697497e-14
1.656149673461910083e+02	-7.272907447830436215e-13
1.657787017822269888e+02	-3.378236492880294355e-13
1.659478912353519888e+02	-4.192162573128414758e-13
1.661242218017580115e+02	1.036158295492134382e-12
1.662905273437500000e+02	2.454640431083639738e-13
1.664516830444339917e+02	8.137690274567977500e-14
1.666125106811520027e+02	-1.173735032859984848e-12
1.667799530029300001e+02	-4.965019692463347019e-13
1.669447174072269888e+02	-6.577172321270342646e-13
1.671117324829100141e+02	-5.554312079433812660e-13
1.672849884033199999e+02	-2.991481463871107430e-13
1.674534530639649859e+02	4.140951225428426587e-13
1.676260833740230112e+02	-5.424216960134069727e-13
1.678098373413089917e+02	-5.545753545151609180e-13
1.679854507446289915e+02	-4.172622168101516411e-14
1.681321105957029829e+02	-7.906501148073820827e-13
1.683069229125979973e+02	-7.456738359901605022e-13
1.684650039672850141e+02	-7.880408248085508185e-13
1.686268844604490198e+02	-1.721438046906266526e-13
1.687906188964840055e+02	-7.378050340367269772e-13
1.689512634277340055e+02	-1.360247577138646998e-12
1.691171035766600141e+02	-2.747206215091727933e-14
1.692754440307620030e+02	-7.907500128686134159e-13
1.694382705688479973e+02	-3.584263048869822544e-13
1.696024169921870168e+02	-1.830638085744405726e-14
1.697664108276370030e+02	1.785893144263068291e-13
1.699347839355470171e+02	-9.954941943808653235e-15
1.701015167236330115e+02	4.098938785767066015e-13
1.702705154418950144e+02	-5.854727783110523438e-13
1.704458541870120030e+02	-5.126062914734488611e-13
1.706200485229490198e+02	-5.518341340080104422e-13
1.707919540405270027e+02	-8.081246340987869484e-13
1.709488754272460085e+02	-5.402778620641986766e-13
1.711117553710940058e+02	-8.736884432770481720e-13
1.712817459106450144e+02	-1.937272461230539729e-13
1.714373474121090055e+02	-4.102970612556108720e-13
1.716052856445309942e+02	-1.233550948975657044e-12
1.717656250000000000e+02	-3.403143696433993776e-13
1.719327087402340055e+02	6.086528171081694686e-14
1.720966110229489914e+02	3.008979876626388946e-13
1.722556152343750000e+02	3.975652937367179055e-13
1.724265365600590201e+02	-1.020430125968314666e-12
1.726053466796870168e+02	9.487261382646873841e-14
1.727738189697269888e+02	-2.213072483479403009e-13
1.729384841918949860e+02	1.282720971286905840e-14
1.731071014404300001e+02	6.714585437724659921e-14
1.732776031494139772e+02	3.843061481741259286e-13
1.734483261108399859e+02	-1.060588362713167929e-14
1.736142654418949860e+02	3.606865417897969980e-13
1.737844009399409799e+02	3.894871807927999260e-13
1.739378128051760086e+02	1.306411924223805636e-13
1.741093368530270027e+02	-3.773406415309727990e-13
1.742624359130860228e+02	-1.110208653920438758e-14
1.744296188354489914e+02	8.574880100039946975e-13
1.745985031127929972e+02	-2.192296751276709201e-13
1.747692642211909799e+02	9.136115460069322759e-14
1.749380264282229973e+02	-7.780241583111083859e-14
1.750997543334960085e+02	-7.035268770453842486e-13
1.752639999389649859e+02	8.175120738304257882e-13
1.754300613403320028e+02	-3.971052886271590623e-13
1.755986785888669885e+02	-7.846056971436525170e-13
1.757669372558590055e+02	6.154801469275045651e-13
1.759377441406250000e+02	-6.509402518915715166e-13
1.761154022216800001e+02	-3.923817425163453760e-13
1.762889556884769888e+02	3.252953830874799960e-13
1.764542236328129832e+02	-2.641279425287770603e-13
1.766102981567380255e+02	2.808231060178925696e-13
1.767740859985350141e+02	-6.463355269680745132e-13
1.769463577270510086e+02	-1.495388283896863425e-12
1.771191558837889772e+02	-1.066276812076176518e-12
1.772614669799800140e+02	-7.052615987704779909e-13
1.774263839721679972e+02	-4.560664525069164157e-13
1.775901031494139772e+02	2.237024436549311720e-13
1.777472534179690058e+02	-6.935083384806166486e-13
1.779106674194340201e+02	-1.583632035394528783e-13
1.780861129760739914e+02	-5.994836561813428747e-13
1.782502593994139772e+02	-6.523616060037429723e-14
1.784132614135739914e+02	1.046420141983234684e-12
1.785775756835940058e+02	-1.106188562727238523e-12
1.787423858642580115e+02	-5.535291388909024552e-13
1.789130783081050140e+02	-9.201951742893818771e-13
1.790829238891600141e+02	-5.621089946048226417e-13
1.792574920654300001e+02	3.711690396131121622e-13
1.794320983886719887e+02	-3.673328382070706914e-14
1.795958633422850141e+02	-1.174444678426885347e-12
1.797753372192380255e+02	6.973583404413114492e-14
1.799295196533199999e+02	-5.193116136517042640e-13
1.800934219360350141e+02	-7.434411208637269212e-13
1.802512588500979973e+02	-2.569232378717043728e-13
1.804144897460940058e+02	4.598948894176415999e-14
1.805770874023440058e+02	-4.806408050038107005e-14
1.807469558715820028e+02	-1.095860854527639346e-12
1.809158172607419885e+02	-7.568780250936587900e-13
1.810835037231449860e+02	3.411689696900004041e-13
1.812497482299800140e+02	1.231156726778429385e-13
1.814132156372070028e+02	-9.560201545179743601e-13
1.815880279541019888e+02	-8.269375352700865658e-13
1.817529678344729973e+02	-5.184421467948002227e-13
1.819222183227539915e+02	-2.368964455089722563e-13
1.820937042236330115e+02	1.875383559830781315e-15
1.822626037597659945e+02	-4.133937449067966465e-13
1.824297485351559942e+02	-1.190808679377516839e-12
1.825862045288090201e+02	2.229329705110677134e-13
1.827529678344729973e+02	-1.697687984640518268e-12
1.829104690551760086e+02	-7.776508438923117248e-13
1.830769348144530113e+02	-8.522405837556069611e-13
1.832392578125000000e+02	-6.010079620339226160e-13
1.834050750732419885e+02	-2.356199590450387305e-13
1.835788116455080115e+02	-3.752428713098700100e-13
1.837414321899409799e+02	-3.604708893679409710e-13
1.839072418212889772e+02	-8.764833309815477025e-14
1.840752868652340055e+02	-4.701787110749585305e-13
1.842361297607419885e+02	-8.644383355282535014e-13
1.844018707275389772e+02	-1.643278420727742939e-12
1.845755538940429972e+02	-5.066454438973137405e-13
1.847462310791019888e+02	-6.844872263156781798e-13
1.849195251464840055e+02	-1.642588689453340792e-12
1.850805130004880255e+02	-1.141750200891362004e-12
1.852524948120119745e+02	-8.968581871236168079e-13
1.854207687377929972e+02	-5.827186841315383020e-13
1.855912399291989914e+02	-5.548101165119389611e-13
1.857572326660159945e+02	-1.276570569966757445e-12
1.859321823120119745e+02	-7.839893863132956381e-13
1.860688629150389772e+02	-1.333210036252167706e-12
1.862394866943360228e+02	-7.461650340479402391e-13
1.864020996093750000e+02	-1.337264795032529645e-12
1.865600662231449860e+02	-3.209795417707747981e-13
1.867265090942380255e+02	-8.018268920985136632e-13
1.868885269165039915e+02	-8.762444153268706925e-13
1.870580520629880255e+02	-2.203766919856418741e-12
1.872231597900389772e+02	-5.673361555310699721e-13
1.873910675048830115e+02	-9.086202873618179076e-13
1.875605926513669885e+02	-2.226409333296018895e-13
1.877288208007809942e+02	-8.047851883358581285e-13
1.879081268310550001e+02	-5.067124427190537286e-13
1.880876083374020027e+02	-1.100498526190400106e-12
1.882641296386719887e+02	-7.484600974787537764e-13
1.884330139160159945e+02	-3.319445973333447207e-13
1.885942230224610228e+02	-1.170930327524257886e-12
1.887492980957030113e+02	-4.509149605275180373e-13
1.888990402221679972e+02	-9.920422679837797094e-13
1.890681152343750000e+02	-1.236740333855446292e-12
1.892318267822269888e+02	2.573990723208480916e-13
1.893988265991210085e+02	-1.954365203677201462e-13
1.895670471191409945e+02	-9.127329777033225613e-13
1.897324752807619745e+02	-4.121474388360631208e-14
1.898971862792969887e+02	6.035786716750113959e-14
1.900646514892580115e+02	-1.387084996393740765e-12
1.902424163818360228e+02	-1.469553559171769709e-12
1.904018554687500000e+02	4.907300311170637230e-14
1.905713806152340055e+02	-1.197071910584185644e-12
1.907337799072269888e+02	-1.985097520896867939e-13
1.909098434448239914e+02	-4.757115295944374596e-13
1.910721893310550001e+02	-1.325231135327172528e-13
1.912369842529300001e+02	-1.230182361428067696e-12
1.914039993286130255e+02	-9.485535935906914832e-13
1.915700302124020027e+02	-1.532187592758681093e-14
1.917338256835940058e+02	-1.095085578834446238e-14
1.919057312011719887e+02	-7.101050812598603103e-13
1.920777816772460085e+02	-4.007873151603594294e-13
1.922297973632809942e+02	-3.691930673536784026e-13
1.923984680175780113e+02	-8.840072397958409082e-13
1.925587158203129832e+02	-5.057190538115906410e-14
1.927234954833980112e+02	4.697592546895698913e-14
1.928963851928710085e+02	-4.149241459214157328e-13
1.930620040893550140e+02	-3.588474872397061373e-13
1.932275619506840201e+02	-4.501434823301651279e-13
1.933923645019530113e+02	-6.186082590054614349e-13
1.935585784912110228e+02	-2.050393439888246604e-12
1.937259063720699999e+02	-6.971325129917386950e-13
1.938801879882809942e+02	-1.786791681633466133e-12
1.940491561889649859e+02	-1.544924521240405785e-12
1.942178039550780113e+02	-6.944022162865160019e-13
1.944082183837889772e+02	-8.287135153300279386e-13
1.945774383544919885e+02	-5.272503007826989262e-13
1.947460174560550001e+02	-2.995834481049727306e-13
1.949193267822269888e+02	-9.719453954827770587e-13
1.950748825073239914e+02	-2.183340431575378705e-13
1.952400970458980112e+02	-9.666483813649503881e-14
1.953939743041989914e+02	-1.181212694611955431e-12
1.955553588867190058e+02	-7.219406514733332964e-13
1.957157287597659945e+02	-1.277180509122738598e-12
1.958815917968750000e+02	-3.505404879583931804e-13
1.960460281372070028e+02	-4.416838553793822541e-13
1.962144393920899859e+02	-1.121195565941144021e-12
1.963863983154300001e+02	-1.327518695254225152e-12
1.965534133911130255e+02	-4.062288057465126138e-13
1.967274551391600141e+02	-9.661692475383487492e-13
1.968975372314449999e+02	-5.216660575800622821e-13
1.970585784912110228e+02	-2.775115652360936535e-14
1.972247238159179972e+02	-1.556531504503769517e-12
1.973951492309570028e+02	-7.474344093532875164e-13
1.975604934692380255e+02	-7.349480046880328639e-13
1.977273025512699860e+02	-1.532178340779457796e-12
1.978936538696289915e+02	4.686635655181898821e-13
1.980621032714840055e+02	2.037153612031586283e-13
1.982218856811520027e+02	-8.492116187745700499e-13
1.983979492187500000e+02	-2.159981574572000375e-13
1.985523834228519888e+02	-1.513300302007483534e-12
1.987075424194340201e+02	1.985275927439970023e-13
1.988812561035159945e+02	-1.380276078149290261e-12
1.990443878173830115e+02	-9.037652230738892089e-13
1.992144088745119745e+02	-8.957456697991101001e-13
1.993874511718750000e+02	-4.188998305581030154e-13
1.995534896850590201e+02	-7.211509216815336819e-13
1.997205581665039915e+02	-2.976580060763613660e-13
1.998789215087889772e+02	-1.055198438248784544e-12
2.000417098999020027e+02	-5.539687973994257668e-13
2.002086181640620168e+02	-5.953541660414259284e-13
2.003876495361330115e+02	-7.260850493763118353e-13
2.005660629272460085e+02	-6.552758029427118006e-13
2.007305145263669885e+02	-9.407633218103643181e-13
2.008976669311520027e+02	-4.142353224375632783e-13
2.010682220458980112e+02	-1.511508478722778820e-13
2.012241134643550140e+02	-9.946186742804173889e-13
2.013890609741210085e+02	-8.118215456920321156e-13
2.015481338500979973e+02	9.620282183385753105e-14
2.017183151245119745e+02	-1.168340748904601506e-12
2.018844909667969887e+02	-7.939076771893794315e-13
2.020530471801760086e+02	-2.282405363669593112e-13
2.022256622314449999e+02	-4.625284162003210225e-13
2.024091262817380255e+02	-1.530171821710350743e-12
2.025697326660159945e+02	-3.718075463448185819e-13
2.027287139892580115e+02	-1.598345649504976492e-12
2.028868179321289915e+02	-1.654911169065351331e-13
2.030503387451169885e+02	-6.520079258029226518e-13
2.032176666259769888e+02	-1.210170172884413470e-12
2.033826599121090055e+02	-3.039632683563141998e-13
2.035489883422850141e+02	-9.075983563736210422e-13
2.037130050659179972e+02	-5.407285775171276126e-13
2.038833389282229973e+02	-1.166724761747418591e-13
2.040535507202149859e+02	-1.221832160781889061e-13
2.042230300903320028e+02	-4.582670835220456818e-13
2.043815689086909799e+02	-1.291592521181976829e-12
2.045657806396480112e+02	-6.419432796343808219e-13
2.047331008911130255e+02	-1.610655230666601539e-13
2.048847656250000000e+02	-6.647067529137059878e-13
2.050508193969729973e+02	-6.487303725452893466e-13
2.052137374877929972e+02	-1.394909188204988200e-12
2.053779983520510086e+02	-8.981846302805025828e-13
2.055427780151369745e+02	-2.721527617401105463e-13
2.057065582275389772e+02	5.648204203101295053e-14
2.058764343261719887e+02	-3.583934875774516959e-13
2.060549011230469887e+02	-6.019000967695839699e-14
2.062272186279300001e+02	-4.214949468103205067e-13
2.063890838623050001e+02	-4.892431159428098440e-13
2.065548324584960085e+02	1.726174158493953574e-13
2.067123336791989914e+02	-1.187137385375524361e-12
2.068833999633789915e+02	-7.373129438715273910e-13
2.070486602783199999e+02	-8.186258877803286675e-13
2.072142333984379832e+02	-6.280461518033343468e-13
2.073817367553710085e+02	-7.604319744083268068e-13
2.075485839843750000e+02	-2.938050285124389435e-13
2.077134170532229973e+02	-9.596852939578677340e-13
2.078818664550780113e+02	-7.877437439674695131e-13
2.080475692749020027e+02	-9.800006374081308785e-13
2.081990737915039915e+02	-6.122207737769480669e-13
2.083611068725590201e+02	-6.524062683393861209e-13
2.085315246582030113e+02	3.625026790214544659e-13
2.086986923217770027e+02	-7.657908239255610297e-13
2.088734359741210085e+02	-3.224385949441429874e-13
2.090438690185550001e+02	-4.777511850500120309e-13
2.092024154663090201e+02	-3.693597169887872674e-13
2.093653564453129832e+02	-1.048221842427220873e-12
2.095382385253909945e+02	-3.169167383084748514e-13
2.096990737915039915e+02	-7.416616275673487210e-13
2.098642578125000000e+02	-7.992331760984425729e-13
2.100419387817380255e+02	-8.804422163761072585e-13
2.102074279785159945e+02	-6.727358770020424030e-13
2.103823928833010086e+02	-3.380096532403181785e-13
2.105446090698239914e+02	-4.327750961074844274e-15
2.107213287353519888e+02	-1.292534868095534265e-12
2.108791961669919885e+02	-1.449216117743205215e-12
2.110454483032229973e+02	-6.214326390092597067e-13
2.111996688842770027e+02	-7.457996494719185999e-13
2.113684692382809942e+02	-4.779849802361159755e-13
2.115365371704100141e+02	-7.407467253115316241e-13
2.117061309814449999e+02	-1.008103035025934547e-12
2.118732452392580115e+02	-7.962553197336909247e-13
2.120323104858399859e+02	-1.412198786791171937e-12
2.121999282836909799e+02	-2.641516558185114997e-13
2.123642425537110228e+02	-1.944249698158478003e-12
2.125217819213869745e+02	2.070788990178808031e-13
2.126920623779300001e+02	-3.868098368944929387e-13
2.128592758178710085e+02	-7.027365798193360371e-13
2.130277481079100141e+02	-5.877095757514836748e-13
2.131965408325199860e+02	-1.307708664889131994e-12
2.133694992065429972e+02	-5.725606583520599191e-13
2.135340118408199999e+02	-7.128622994971761399e-13
2.137043075561520027e+02	-1.357526037972793403e-12
2.138942565917969887e+02	-6.855346239821081638e-13
2.140607528686520027e+02	-1.697936540975490173e-12
2.142112808227539915e+02	-7.932215381042206134e-15
2.143759078979489914e+02	-1.234368644946934935e-12
2.145315933227539915e+02	-1.725537287423112578e-12
2.147029266357419885e+02	-6.715432738920481720e-13
2.148625259399409799e+02	-1.329912816113554200e-12
2.150201416015620168e+02	-1.366230919908805974e-12
2.151938705444340201e+02	-2.011683788116450679e-13
2.153524856567380255e+02	8.192773598739073436e-16
2.155156173706050140e+02	-1.344773134554834059e-12
2.156724700927730112e+02	-9.983219547836802426e-13
2.158459320068360228e+02	-6.097301584740181142e-13
2.160162963867190058e+02	-4.625397511129732542e-13
2.161789016723630255e+02	-6.324767521824434346e-13
2.163484878540039915e+02	2.933356718260328321e-13
2.165229263305659799e+02	-5.781912937621391408e-13
2.166924209594729973e+02	-2.753903894818298546e-13
2.168576507568360228e+02	6.429905636728790161e-14
2.170251770019530113e+02	-1.046330406287621777e-13
2.171888122558590055e+02	-3.452139357561757901e-13
2.173593978881840201e+02	-3.496613530515365974e-13
2.175399475097659945e+02	-2.895743591652910741e-13
2.176866455078129832e+02	5.335237885696634775e-13
2.178533554077149859e+02	-4.441513529490860924e-13
2.180198898315429972e+02	-9.856563083694795480e-14
2.181841659545899859e+02	-2.690247880224843988e-13
2.183477478027340055e+02	-8.447383256471153846e-13
2.185137634277340055e+02	-4.671910474751865308e-13
2.186774749755860228e+02	-2.639898921776119578e-13
2.188438949584960085e+02	-9.345207000177917953e-13
2.190089645385739914e+02	-1.409851368235125535e-13
2.191720733642580115e+02	-2.905834556342936199e-13
2.193441772460940058e+02	-6.261069203332232717e-13
2.195140075683590055e+02	-9.177010960381258086e-13
2.196755447387699860e+02	3.006079178021408130e-13
2.198496322631840201e+02	-5.941555277903809137e-13
2.200373306274409799e+02	-7.370104857070179511e-13
2.202047805786130255e+02	-1.036403839115941049e-12
2.203515777587889772e+02	-5.280091571810248045e-13
2.205063858032229973e+02	-4.987503510786414694e-13
2.206793136596679972e+02	-9.521912756569356280e-13
2.208478393554690058e+02	-3.080134577545170261e-13
2.210078735351559942e+02	-2.750338247139401810e-13
2.211921920776369745e+02	1.257503695038540813e-14
2.213420486450200144e+02	-5.014692884440149016e-13
2.215036621093750000e+02	-1.428133292601152584e-13
2.216783447265620168e+02	-5.640772570993323186e-13
2.218515777587889772e+02	-4.779751026118307082e-13
2.220130996704100141e+02	-2.877855635931258858e-13
2.221749496459960085e+02	-7.146332562066849648e-14
2.223353424072269888e+02	-3.682728779287172707e-13
2.225015487670899859e+02	-1.179217719142437619e-12
2.226771163940429972e+02	-9.475661366746556660e-13
2.228546676635739914e+02	-2.795511424217399480e-13
2.230301971435550001e+02	-5.370490759848274744e-13
2.232008666992190058e+02	-5.831805595660215346e-13
2.233735198974610228e+02	-6.106262158818971665e-13
2.235377426147460085e+02	-7.688467427631140947e-13
2.236946411132809942e+02	-8.577574985972820645e-13
2.238425292968750000e+02	-5.615335174042050557e-13
2.240087661743159799e+02	-5.191155256583347480e-13
2.241761093139649859e+02	-1.281153511912434241e-12
2.243396835327149859e+02	-6.167696900757698744e-13
2.245055923461909799e+02	-2.088766944237138507e-14
2.246740798950200144e+02	-7.699149573021702369e-13
2.248692626953129832e+02	-9.001524095627295426e-13
2.250184936523440058e+02	-1.312916393428415121e-12
2.251842727661130255e+02	2.400672065041140935e-13
2.253519363403320028e+02	-6.103368293946540716e-13
2.255142898559570028e+02	-3.369890573213849093e-13
2.256775512695309942e+02	-1.102883855288530822e-12
2.258429946899409799e+02	-5.387112803416573044e-13
2.260113677978519888e+02	-1.075309863459094625e-12
2.261799316406250000e+02	-1.056382716165413533e-12
2.263375778198239914e+02	-7.000453285821954675e-13
2.265040969848630255e+02	-1.011223107975924851e-12
2.266648178100590201e+02	-7.347408298626621406e-13
2.268352737426760086e+02	-7.315228119672876126e-13
2.269953842163090201e+02	-8.362815003142474541e-13
2.271681976318360228e+02	-4.222680287866756254e-13
2.273407516479489914e+02	-9.888890984310705433e-13
2.275036697387700144e+02	-6.420982215406253073e-13
2.276766738891600141e+02	-7.486603009579289022e-13
2.278511657714840055e+02	-6.974491840479289847e-13
2.280116424560550001e+02	-1.378063986952520097e-12
2.281745452880860228e+02	-9.419299468862076064e-13
2.283475799560550001e+02	-9.259618162656949674e-13
2.285055160522460085e+02	-6.303630341472475381e-13
2.286818466186520027e+02	-6.438732538669393290e-13
2.288359756469729973e+02	-7.197682273376577807e-14
2.290094757080080115e+02	-2.846347149772107151e-13
2.291598587036130255e+02	-1.055488007064414283e-12
2.293255310058590055e+02	-8.541980432499660047e-13
2.294854812622070028e+02	-6.610396011100911746e-13
2.296476745605469887e+02	-4.070320072085794750e-13
2.298104934692380255e+02	-7.392108049579108631e-13
2.299822158813479973e+02	-6.613645372823705329e-13
2.301484069824219887e+02	-3.033443657207906792e-13
2.303192367553710085e+02	-7.294444139336514162e-13
2.304917297363280113e+02	-9.384769335126326853e-14
2.306679458618159799e+02	-8.448931146211923239e-13
2.308430557250979973e+02	-3.407491019577709855e-13
2.309922256469729973e+02	-5.200694600693702779e-13
2.311579513549799856e+02	-9.517213541608603293e-13
2.313334197998050001e+02	-3.269131774602120814e-13
2.315146026611330115e+02	-6.433876094803650398e-13
2.316759338378909945e+02	-1.256751452545193851e-12
2.318483963012700144e+02	-4.984243122916102383e-13
2.320077133178710085e+02	-7.055699226236595911e-13
2.321738739013669885e+02	-5.761008508786055839e-13
2.323210754394530113e+02	-5.451490820088289875e-13
2.324863281250000000e+02	-7.758501639598237980e-13
2.326465606689449999e+02	-7.626895963639764852e-13
2.328174743652340055e+02	-3.248037154438515490e-13
2.329820632934570028e+02	-9.723149678236754141e-13
2.331509323120119745e+02	-1.041771046336772408e-12
2.333108673095699999e+02	-7.693442465103055993e-13
2.334770431518550140e+02	-5.226019808425331197e-13
2.336407546997070028e+02	-5.086561555444302634e-13
2.338153762817380255e+02	-1.159803563891732393e-12
2.339824981689449999e+02	-1.413693849142167063e-12
2.341539993286130255e+02	-4.213888186085834773e-13
2.343205795288090201e+02	-9.790869566448728016e-13
2.344948272705080115e+02	-7.908964742420822102e-13
2.346695938110350141e+02	-9.297297061066377956e-13
2.348384857177730112e+02	-5.034348669735969088e-13
2.349972000122070028e+02	-5.050169625629953434e-13
2.351647567749020027e+02	-1.102046643481253962e-12
2.353354415893550140e+02	-2.374415351766093248e-13
2.354826507568360228e+02	-6.344344284588144163e-13
2.356499176025389772e+02	-9.797311131899350140e-13
2.358131408691409945e+02	-7.301088747998156909e-13
2.359793930053710085e+02	-8.089733422655909146e-13
2.361421737670899859e+02	-3.827661253847763889e-13
2.363096694946289915e+02	-4.853024024881810265e-13
2.364779434204100141e+02	-3.926563901230445511e-13
2.366413574218750000e+02	-7.908912169424805817e-13
2.368104476928710085e+02	-8.652063588370151638e-13
2.369706573486330115e+02	-7.282825770365551954e-13
2.371392135620119745e+02	-6.889592908385821530e-13
2.373053817749020027e+02	-7.483351863088659196e-14
2.374702301025389772e+02	-6.873414684218023768e-13
2.376445541381840201e+02	-3.163289055546958785e-13
2.378280639648440058e+02	-7.051610844554843265e-13
2.379981307983399859e+02	-7.286935701948668684e-13
2.381597518920899859e+02	-7.526226736591770900e-13
2.383194427490230112e+02	-4.889353518815713173e-13
2.384846496582030113e+02	-2.008997162601321295e-13
2.386547241210940058e+02	-9.856410692999586232e-13
2.388048553466800001e+02	-2.569004787450979548e-13
2.389718933105469887e+02	-7.440725088645665680e-13
2.391318664550780113e+02	-2.778827323165423014e-13
2.392950897216800001e+02	-5.644470425446218424e-13
2.394631423950200144e+02	-4.803183176619901713e-13
2.396332397460940058e+02	-7.110438970800945410e-13
2.397965545654300001e+02	-7.036565234569380528e-13
2.399730453491210085e+02	-4.268267717097253497e-13
2.401402816772460085e+02	-1.067817145439722949e-12
2.403033981323239914e+02	-4.448889925352523633e-13
2.404775009155270027e+02	-6.443926749378189522e-13
2.406390075683590055e+02	-4.128179056700521867e-13
2.408075714111330115e+02	-2.731357578988982275e-13
2.409774475097659945e+02	-8.611688109153522443e-13
2.411469726562500000e+02	-6.315656506251036978e-13
2.413129348754880255e+02	-4.437146210763530058e-13
2.414765777587889772e+02	-7.572467890747667934e-13
2.416424789428710085e+02	-1.042555876471816635e-12
2.417954788208010086e+02	-6.042726600791137972e-13
2.419795303344729973e+02	-1.940249814622758942e-14
2.421256408691409945e+02	-5.037063430682526138e-13
2.422857360839840055e+02	-9.682492468927964077e-13
2.424522018432619745e+02	-6.618122655543569172e-13
2.426183395385739914e+02	-4.863369553955965277e-13
2.427851181030270027e+02	-5.736527098389190092e-13
2.429533309936520027e+02	-8.561746530361957556e-13
2.431296386718750000e+02	-7.507024552352990232e-13
2.432958145141600141e+02	-6.036559777913001496e-13
2.434611663818360228e+02	-6.383400179471493168e-13
2.436271209716800001e+02	-7.922240085906818461e-13
2.438040771484379832e+02	-4.383969970810167563e-13
2.439742660522460085e+02	-3.843749071509063783e-13
2.441525802612299856e+02	-3.337280733135719271e-13
2.443196563720699999e+02	-5.537262785643271915e-13
2.444798355102539915e+02	-9.416533505324117382e-13
2.446349258422850141e+02	-2.097807228135543463e-13
2.448115768432619745e+02	-5.197763715170176560e-13
2.449598922729489914e+02	-9.584697587985635763e-13
2.451243515014649859e+02	-8.669989654633912539e-13
2.452888412475590201e+02	-3.522759493909731522e-13
2.454485931396480112e+02	-3.629391962390180736e-13
2.456204757690429972e+02	-4.101345213640783696e-13
2.457920379638669885e+02	-6.471536397982993233e-13
2.459508209228519888e+02	-6.390838834720866805e-13
2.461176986694340201e+02	-2.583131489146121499e-13
2.462875747680659799e+02	-5.806909940492006693e-13
2.464559249877929972e+02	-4.138138400268045556e-13
2.466260604858399859e+02	-2.140850967320335103e-13
2.467933959960940058e+02	-3.404072392581035086e-13
2.469728164672850141e+02	-5.636448752591854092e-13
2.471433639526369745e+02	-2.471064793191337961e-13
2.473029098510739914e+02	-8.750680727538324720e-13
2.474685440063479973e+02	-5.348066088635193323e-13
2.476190490722659945e+02	-3.683616140234002976e-13
2.477834396362299856e+02	-6.267159354670709209e-13
2.479458541870119745e+02	-1.127823736116504551e-12
2.481094894409179972e+02	-4.322195393147865896e-13
2.482798309326169885e+02	-5.368525782260256457e-13
2.484513854980469887e+02	-4.146586991757542317e-13
2.486093978881840201e+02	-6.039070799084625185e-13
2.487735290527340055e+02	-9.545444463269836880e-13
2.489401855468750000e+02	-4.126399346530980403e-13
2.491073913574219887e+02	-5.822730709586448928e-13
2.492763442993159799e+02	-6.237099345611226429e-13
2.494515914916989914e+02	-7.344004178037565936e-13
2.496170730590820028e+02	-4.713127063964730527e-13
2.497898178100590201e+02	-5.762003833387975798e-13
2.499645385742190058e+02	-4.529870654589030961e-13
2.501371383666989914e+02	-1.764264911359125232e-13
2.502927246093750000e+02	-4.666172563379467235e-13
2.504614257812500000e+02	-5.466333707020518248e-13
2.506166000366210085e+02	-9.456774213652894197e-13
2.507800521850590201e+02	-7.182699789471352505e-13
2.509482955932619745e+02	-4.066788724662210773e-13
2.511128692626949999e+02	-6.373375195093423814e-13
2.512748947143550140e+02	-2.448178257463581070e-13
2.514511032104489914e+02	-6.843988570791786273e-13
2.516134719848630255e+02	-5.934860731378852601e-13
2.517759246826169885e+02	-6.789797571381762580e-13
2.519486007690429972e+02	-6.962688786936261668e-13
2.521157150268550140e+02	-4.445002730409902166e-13
2.522760696411130255e+02	-7.422902709837142188e-13
2.524388809204100141e+02	-1.218647244542513330e-13
2.526068115234379832e+02	-1.026940529602814777e-12
2.527801132202149859e+02	-4.765888061244245615e-13
2.529497756958010086e+02	-1.490810760526808028e-13
2.531202697753909945e+02	-7.465283594054538304e-13
2.532873992919919885e+02	-3.264463553623062630e-13
2.534571762084960085e+02	-7.295017206626403481e-13
2.536157150268550140e+02	-5.049003310097337071e-13
2.537831192016600141e+02	-7.430711858723733716e-13
2.539342117309570028e+02	-3.512429059238944310e-13
2.541044464111330115e+02	-7.127777764380451606e-13
2.542791366577149859e+02	-5.813273013697307838e-13
2.544364166259769888e+02	-9.683738994837184036e-13
2.546024856567380255e+02	-5.149755678086215700e-13
2.547805023193360228e+02	-3.839144170990310566e-13
2.549325866699219887e+02	-4.538812687759817774e-13
2.550976943969729973e+02	-4.486009723891010130e-13
2.552647018432619745e+02	-5.254789100721067389e-13
2.554293899536130255e+02	-5.177809140450941828e-13
2.555918426513669885e+02	-6.421713392258215155e-13
2.557583618164059942e+02	-6.950328989336838916e-13
2.559298400878909945e+02	-3.985331576402828792e-13
2.560952301025390057e+02	-8.435055657026265105e-13
2.562673950195309658e+02	-8.655449071698808519e-13
2.564379272460940342e+02	-3.136143733687855086e-13
2.566156921386719887e+02	-5.442066908026936513e-13
2.567724761962890057e+02	-8.116537346611837062e-13
2.569403228759769604e+02	-3.105955549881852195e-13
2.571069335937500000e+02	-3.945791276929219975e-13
2.572581176757809658e+02	-5.636884185409434190e-13
2.574344940185549717e+02	-6.993990034566956479e-13
2.576087188720700283e+02	-2.623029857464292152e-13
2.577742767333980396e+02	-5.335842518819831786e-13
2.579461059570309658e+02	-5.706504908206984701e-13
2.581115875244140057e+02	-8.279470149430692687e-13
2.582789306640619884e+02	-5.917849618740658730e-13
2.584407653808589771e+02	-2.266713430118081489e-13
2.585985717773440342e+02	-2.282146502428515767e-13
2.587589263916019604e+02	-2.321608740161532702e-13
2.589231872558589771e+02	-4.676718195922132522e-13
2.590856475830079830e+02	-2.625188363602520088e-13
2.592561645507809658e+02	-5.148417106356870012e-13
2.594335479736329830e+02	-3.229634298915372751e-13
2.596109313964839771e+02	-4.867770418047224046e-13
2.597725982666019604e+02	-6.905703269556303003e-13
2.599347229003910229e+02	-2.612766991885945728e-13
2.601081848144530113e+02	-3.178548931158783658e-13
2.602638702392579830e+02	-4.787534534682975529e-13
2.604279937744140057e+02	-8.489558898223377399e-13
2.605949249267579830e+02	-7.313466352372517626e-13
2.607573547363280113e+02	-4.271400360849797864e-13
2.609278564453130116e+02	-6.029304499199206913e-13
2.611050109863280113e+02	-4.167187184134714158e-13
2.612526702880859943e+02	-5.119720695334779418e-13
2.614140319824219887e+02	-9.530078745044513426e-13
2.615830383300780113e+02	-2.281975028576492075e-13
2.617639007568359943e+02	-6.884847642741069616e-13
2.619276275634769604e+02	-2.082449369047855668e-13
2.620999298095700283e+02	-6.554519721383337622e-13
2.622795257568359943e+02	-5.491418041003020349e-13
2.624488220214839771e+02	-6.100349172139002466e-13
2.626088867187500000e+02	-7.464318952106802610e-13
2.627775421142579830e+02	-2.926857314542226815e-13
2.629340362548829830e+02	-9.973305731704750822e-13
2.630982208251950283e+02	-6.985965664130727093e-13
2.632415618896480396e+02	-5.224211201433086471e-13
2.634175415039059658e+02	-4.730336246393900740e-13
2.635950164794920170e+02	-5.056467785962954732e-13
2.637501220703130116e+02	-5.542315960245641871e-13
2.639211120605469887e+02	-6.269775393729765311e-13
2.640961151123049717e+02	-6.096814215018864079e-13
2.642548370361329830e+02	-3.790511529417238522e-13
2.644143371582030113e+02	-5.557305057071906780e-13
2.645751495361329830e+02	-2.113598229755276747e-13
2.647460784912109943e+02	-7.921297161624865692e-13
2.649210510253910229e+02	-6.579044520240789478e-13
2.650867767333980396e+02	-4.430974204015545206e-13
2.652473907470700283e+02	-5.299664057169687897e-13
2.654160461425780113e+02	-6.710595093493596120e-13
2.655848236083980396e+02	-6.809683853241116511e-13
2.657625579833980396e+02	-5.027979601136853345e-14
2.659377136230469887e+02	-8.747605955415563191e-13
2.660960693359380116e+02	-6.815895773299087704e-13
2.662644348144530113e+02	-4.655153394436146874e-13
2.664286346435549717e+02	-8.820288745803760672e-13
2.665795745849609943e+02	-2.503475955491690392e-13
2.667442779541019604e+02	-6.300485745927205927e-13
2.669063110351559658e+02	-7.294538893261249049e-13
2.670971069335940342e+02	-3.556576278240073475e-13
2.672411651611329830e+02	-6.176429417198052090e-13
2.674101409912109943e+02	-8.417192196504662454e-14
2.675770263671869884e+02	-4.372958835965167296e-13
2.677440643310549717e+02	-6.694894661732062793e-13
2.679072418212890057e+02	-5.840516236428871674e-13
2.680675964355469887e+02	-3.161275093220400067e-13
2.682241363525390057e+02	-9.443411623871549319e-13
2.684006805419920170e+02	-6.330217966457057664e-13
2.685745697021480396e+02	-4.045173160777962564e-13
2.687440490722660229e+02	-7.995535758561200239e-13
2.689242401123049717e+02	-4.145259794738492072e-13
2.690839996337890057e+02	-4.578120438889673663e-13
2.692493286132809658e+02	-7.970894631881149939e-13
2.694157409667969887e+02	-4.601985059026916237e-13
2.695802001953130116e+02	-6.328765060333927076e-13
2.697303771972660229e+02	-2.940939731266032616e-13
2.698910827636719887e+02	-5.620194640616845384e-13
2.700629425048829830e+02	-6.904232383529709886e-13
2.702210693359380116e+02	-8.979324670710682222e-13
2.703934631347660229e+02	-2.983976583717539463e-13
2.705615539550780113e+02	-9.230818389326978147e-13
2.707266082763670170e+02	-6.423308641123041028e-13
2.708948211669920170e+02	-9.661574087147049075e-13
2.710692291259769604e+02	-6.100521216542041927e-13
2.712404785156250000e+02	-1.204224128167175662e-12
2.714036102294920170e+02	-6.707027208807321508e-13
2.715746459960940342e+02	-9.523862817772066916e-13
2.717369384765619884e+02	-4.699854168092048626e-14
2.719102783203130116e+02	-3.680588044094134451e-13
2.720878906250000000e+02	-1.361459531623783672e-13
2.722507019042969887e+02	-8.903878243169903061e-13
2.724119262695309658e+02	-8.364593397823758641e-13
2.725623168945309658e+02	-9.645526825835677170e-13
2.727302856445309658e+02	-3.627686351652866583e-13
2.728986358642579830e+02	-4.439535425726340781e-13
2.730808868408200283e+02	-5.600177670362920952e-13
2.732319946289059658e+02	-7.917977766963503818e-13
2.733938751220700283e+02	-7.931441299094231091e-13
2.735635223388670170e+02	-8.468286178943532953e-13
2.737296752929690342e+02	-7.381094800056189262e-13
2.738917083740230396e+02	-7.406703223676585517e-13
2.740523376464839771e+02	-4.087552104793813145e-13
2.742156677246089771e+02	-6.609435591125047983e-13
2.743889312744140057e+02	-6.401755365518867868e-13
2.745636138916019604e+02	-6.407892823581708253e-13
2.747297821044920170e+02	-5.128835910552473978e-13
2.748947448730469887e+02	-7.680347855821368637e-13
2.750644989013670170e+02	-6.874406834392962984e-13
2.752372589111329830e+02	-1.188976501102586164e-12
2.754058532714839771e+02	-6.750663745438869333e-13
2.755626068115230396e+02	-6.996296742227395484e-13
2.757297058105469887e+02	-9.217798132247871526e-13
2.758801422119140057e+02	-5.891266637184498932e-13
2.760507812500000000e+02	-5.383006098275485611e-13
2.762063903808589771e+02	-4.856420935678755042e-13
2.763733825683589771e+02	-5.424172034681170082e-14
2.765397644042969887e+02	-5.371220729758779578e-13
2.767120208740230396e+02	-4.626892934651326252e-13
2.768764495849609943e+02	-8.639305439585819381e-13
2.770411071777339771e+02	-4.095876640905121495e-13
2.772196350097660229e+02	-2.712581969911737442e-16
2.773800048828130116e+02	-2.447708644794254537e-13
2.775419006347660229e+02	-4.508979675459761820e-13
2.777062072753910229e+02	-5.258454331935227605e-13
2.778758087158200283e+02	-7.884442395421378250e-13
2.780440673828130116e+02	-5.822779730751541085e-13
2.782212371826170170e+02	-1.972311024028359483e-13
2.783872833251950283e+02	-8.553207206733266910e-14
2.785520324707030113e+02	-6.142459514491990444e-13
2.787068176269530113e+02	-1.045276277366786517e-12
2.788718414306640057e+02	-5.635620735213321188e-13
2.790482788085940342e+02	-3.644684716530914708e-13
2.791941680908200283e+02	-4.215230285964742552e-13
2.793669433593750000e+02	-8.240293846516794160e-13
2.795336151123049717e+02	-8.350469168518035600e-13
2.797099609375000000e+02	-6.358224208364241483e-13
2.798823699951170170e+02	-4.144393637472883333e-13
2.800468292236329830e+02	-7.760269238727954845e-13
2.802137908935549717e+02	-9.101317227529552494e-13
2.803775482177730396e+02	-2.832868155910829969e-13
2.805411834716799717e+02	-1.317899826599608340e-12
2.807102203369140057e+02	-3.428621815362747318e-13
2.808778381347660229e+02	-5.559391085397042355e-13
2.810502929687500000e+02	-5.253303054232664196e-13
2.812236328125000000e+02	-2.801653867786956985e-13
2.813947296142579830e+02	-6.988560937959311217e-13
2.815593261718750000e+02	-3.133860248552445722e-13
2.817310791015619884e+02	-7.068039019544917823e-13
2.818979339599609943e+02	-3.794472510063389683e-13
2.820481872558589771e+02	-6.456910421828218595e-13
2.822145538330079830e+02	-3.210138193741651715e-13
2.823994750976559658e+02	-7.388604878185245375e-13
2.825724182128910229e+02	-6.215021407842456481e-13
2.827333984375000000e+02	-1.247193726065613445e-13
2.829057006835940342e+02	-3.651166915893370650e-13
2.830630950927730396e+02	-2.751478793948010313e-13
2.832254943847660229e+02	-6.074231398296545281e-14
2.833848724365230396e+02	-4.284735229580533692e-13
2.835426635742190342e+02	-6.873099716013772064e-13
2.837131042480469887e+02	-3.186580250066857016e-13
2.838785095214839771e+02	-6.947476252103254992e-13
2.840438385009769604e+02	-5.855577570270989242e-13
2.842076110839839771e+02	-4.326348018732550453e-13
2.843717193603519604e+02	-4.620338329817356224e-13
2.845415344238280113e+02	-5.454074444179318192e-13
2.847095489501950283e+02	-9.088946617795965129e-13
2.848669433593750000e+02	-6.012219714996958415e-13
2.850247039794920170e+02	-3.300785170831376103e-13
2.851980133056640057e+02	-3.923649268863979298e-13
2.853732910156250000e+02	-6.326846369442762319e-13
2.855376892089839771e+02	-7.902524552148647420e-13
2.856986999511719887e+02	-5.191665640171104670e-13
2.858513488769530113e+02	-1.069819139540448873e-12
2.860185546875000000e+02	-4.811263581760961224e-13
2.861843261718750000e+02	-8.013489932882144456e-13
2.863508605957030113e+02	-1.675722359541916557e-13
2.865215911865230396e+02	-2.021727617785328225e-13
2.866852569580079830e+02	-7.097064463664517230e-13
2.868519592285160229e+02	-9.630694365098083959e-13
2.870228271484380116e+02	-7.996173256710769800e-13
2.871930236816410229e+02	-8.547518802399036658e-13
2.873540039062500000e+02	-3.300430473027810856e-13
2.875262145996089771e+02	-3.874388910802578926e-13
2.876796875000000000e+02	-3.616868800067784513e-13
2.878484039306640057e+02	-7.371560937967461333e-13
2.880107116699219887e+02	-7.105500439088918451e-13
2.881744384765619884e+02	-8.284269312075334649e-13
2.883381958007809658e+02	-7.129573038738179537e-13
2.885035858154299717e+02	-8.319949724505292021e-13
2.886770019531250000e+02	-1.004211465861596028e-12
2.888464813232420170e+02	-3.495694365891478998e-13
2.890092315673829830e+02	-2.886769690572206601e-13
2.891666870117190342e+02	-3.970604014573593120e-13
2.893420410156250000e+02	-8.854331798510210079e-13
2.895067901611329830e+02	-5.679411362393075303e-13
2.896823883056640057e+02	-3.838442504583485705e-13
2.898599853515619884e+02	-5.171979508228537526e-13
2.900345306396480396e+02	-8.151475043906344895e-13
2.901884765625000000e+02	-5.041036038108116923e-13
2.903609161376950283e+02	-7.994378831676001087e-13
2.905013122558589771e+02	-4.878204379617530646e-13
2.906619415283200283e+02	-1.152716015836936943e-12
2.908295745849609943e+02	-7.384916309665382189e-13
2.909943084716799717e+02	-6.772436771873127760e-13
2.911688995361329830e+02	-7.394109461592664432e-13
2.913315582275390057e+02	-8.543856870691084641e-13
2.914978790283200283e+02	-6.277818164155785922e-13
2.916618347167969887e+02	-2.623222523060071579e-13
2.918284759521480396e+02	-9.412073168888182291e-13
2.919935607910160229e+02	-1.284333212243003181e-12
2.921573486328119884e+02	-5.026500780576414554e-13
2.923262176513670170e+02	-6.283995235943446379e-13
2.924884948730469887e+02	-7.314999787514250801e-13
2.926580352783200283e+02	-8.333395861189758479e-13
2.928274993896480396e+02	-4.874631899165358088e-13
2.929966430664059658e+02	-4.380727069503973794e-13
2.931776885986329830e+02	-8.040965839572431188e-13
2.933329162597660229e+02	-1.127909764313512766e-12
2.935068054199219887e+02	-6.739732187037755732e-13
2.936667785644530113e+02	-1.043710019516951740e-12
2.938312530517579830e+02	-8.653242580257396056e-13
2.940003814697269604e+02	-8.877854182335678564e-13
2.941597900390630116e+02	-1.289352373420327279e-12
2.943269500732420170e+02	-4.930720818012556251e-13
2.944895477294920170e+02	-1.338303382540417503e-12
2.946547851562500000e+02	-5.593635280075805090e-13
2.948185729980469887e+02	-7.088289363352284329e-13
2.949879913330079830e+02	-3.945022817340310054e-13
2.951611175537109943e+02	-5.145651422404303406e-13
2.953288269042969887e+02	-1.144082445419925090e-12
2.954951171875000000e+02	-1.047065120140416808e-12
2.956591339111329830e+02	-5.041864661468546117e-13
2.958274688720700283e+02	-3.395423022708611470e-13
2.960108337402339771e+02	-7.930640968141596114e-13
2.961730346679690342e+02	-6.315577281248200519e-13
2.963456726074219887e+02	-1.097194011770719714e-12
2.965056610107420170e+02	-8.734066281509822596e-13
2.966706390380859943e+02	-9.286893708277302695e-13
2.968236236572269604e+02	-1.188527738298484647e-12
2.969888305664059658e+02	-6.209979845212055133e-13
2.971560974121089771e+02	-4.810887475960383619e-13
2.973205108642579830e+02	-5.879102314003496671e-13
2.974872283935549717e+02	-8.093974261452722429e-13
2.976619873046869884e+02	-7.930223493763213995e-13
2.978336486816410229e+02	-1.471615397332052238e-12
2.979990081787109943e+02	-1.015007782889143268e-12
2.981720123291019604e+02	-1.252655525131675680e-12
2.983429718017579830e+02	-1.183585047475514017e-12
2.985072174072269604e+02	-8.060864162385075033e-13
2.986739959716799717e+02	-5.867829128732686996e-13
2.988334655761719887e+02	-9.385341676334029303e-13
2.989974212646480396e+02	-7.551118786000677126e-13
2.991487579345700283e+02	-6.887389228556748554e-13
2.992923278808589771e+02	-1.056090802173252526e-12
2.993900299072269604e+02	-8.185197318038882729e-13
2.994732513427730396e+02	-9.230163695240334130e-13
2.995458831787109943e+02	-1.227045150468893807e-12
2.996080017089839771e+02	-9.545978231369145584e-13
2.996605224609369884e+02	-5.619254371949146474e-13
2.997017974853519604e+02	-3.646439732128086053e-13
2.997365722656250000e+02	-2.256009453583699604e-13
2.997669372558589771e+02	-6.407912367618956387e-13
2.997927246093750000e+02	-4.368459563034960681e-13
2.998157501220700283e+02	-6.067648623108900849e-13
2.998351593017579830e+02	-4.161888601687871481e-13
2.998531646728519604e+02	-4.666791074228806917e-13
2.998698120117190342e+02	-7.965054594031196070e-13
2.998834381103519604e+02	-9.293952303136452101e-13
2.998959045410160229e+02	1.031794510415992353e-13
