# Temperature (K), 	 Pt100 Resistance (Ohm)
5.929049968719479757e+00	8.695901298522950018e-01
5.523149967193599963e+00	8.683224368095400214e-01
5.605500221252439630e+00	8.685577249526980070e-01
5.689150094985960138e+00	8.687544226646419787e-01
5.773750066757200372e+00	8.689810085296629794e-01
5.891449928283689630e+00	8.694686794281010211e-01
5.947849988937379706e+00	8.696429395675659979e-01
6.037049770355220168e+00	8.699290299415589622e-01
6.126999855041500354e+00	8.702031016349790482e-01
6.216799974441530097e+00	8.704698038101199575e-01
6.524849891662600321e+00	8.718653678894040526e-01
6.405200004577640271e+00	8.713412284851069778e-01
6.500400066375729757e+00	8.717136955261229891e-01
6.597699880599980027e+00	8.720843505859370293e-01
6.696700096130370206e+00	8.724780130386350363e-01
6.882600069046019620e+00	8.735501050949100454e-01
6.896350145339970261e+00	8.733852887153630284e-01
7.000299930572509766e+00	8.740345597267149547e-01
7.105099916458129883e+00	8.745756459236140312e-01
7.211650133132930129e+00	8.751505970954890357e-01
7.318600177764889914e+00	8.757644653320310058e-01
7.427799940109250265e+00	8.764125084877010252e-01
7.538599967956540304e+00	8.770988392829890401e-01
7.651599884033199572e+00	8.778373551368710004e-01
7.765500068664549893e+00	8.786031985282900525e-01
7.881450176239010119e+00	8.794003248214720125e-01
7.999449968338010031e+00	8.802715873718259809e-01
8.118450164794920099e+00	8.811849880218509679e-01
8.239300251007080078e+00	8.821502780914309838e-01
8.362899780273439276e+00	8.831999278068539683e-01
8.487949848175050604e+00	8.842614555358889739e-01
8.614649772644039416e+00	8.853880190849300336e-01
8.743249893188480115e+00	8.866093349456789507e-01
8.873250007629389202e+00	8.878675842285159714e-01
9.006199836730960584e+00	8.892187285423279741e-01
9.140199661254879260e+00	8.906607437133789995e-01
9.277299880981450642e+00	8.921541380882259675e-01
9.415899753570560193e+00	8.937706446647639691e-01
9.555749893188480115e+00	8.954562902450560191e-01
9.699649810791019178e+00	8.972389745712280318e-01
9.844099998474119317e+00	8.991238927841189721e-01
9.990599632263180041e+00	9.011111831665039595e-01
1.014015007019039949e+01	9.032448363304139693e-01
1.029159975051880060e+01	9.054582715034480422e-01
1.044454956054689987e+01	9.078211021423340243e-01
1.060099983215330077e+01	9.102916383743290263e-01
1.075915002822880062e+01	9.128984594345089798e-01
1.091949987411499912e+01	9.157057547569279476e-01
1.108290004730219991e+01	9.186623144149780318e-01
1.124795007705690075e+01	9.217354416847229892e-01
1.141669988632200017e+01	9.250873947143549714e-01
1.158665037155149946e+01	9.285372424125669655e-01
1.175979995727539951e+01	9.321918845176699886e-01
1.193489980697630060e+01	9.360668563842770018e-01
1.211355018615719992e+01	9.401401901245119985e-01
1.229414987564089934e+01	9.444585704803469817e-01
1.247779989242549981e+01	9.490009713172909978e-01
1.266389989852910070e+01	9.538304281234739612e-01
1.285330009460449929e+01	9.588948130607609643e-01
1.304514980316159978e+01	9.642436385154720124e-01
1.323969984054570048e+01	9.698620581626890003e-01
1.343690013885500001e+01	9.758456444740299940e-01
1.363859987258910067e+01	9.822035431861879662e-01
1.384210014343259942e+01	9.888443851470950507e-01
1.404799985885619940e+01	9.958560872077939496e-01
1.425780010223389915e+01	1.003228073120119967e+00
1.447144985198969991e+01	1.010963516235350079e+00
1.468805027008060016e+01	1.019149398803709916e+00
1.490529966354369940e+01	1.027878189086909977e+00
1.512860012054439984e+01	1.036957592964169894e+00
1.535404968261719993e+01	1.046588788032529971e+00
1.558384990692139915e+01	1.056622204780579999e+00
1.581579971313479938e+01	1.067461285591130071e+00
1.605190086364750002e+01	1.078685345649720073e+00
1.629275035858150034e+01	1.090431714057920054e+00
1.653505039215090022e+01	1.103095102310180042e+00
1.678320026397710052e+01	1.116130685806270062e+00
1.703464984893799894e+01	1.130175180435180060e+00
1.728740024566650035e+01	1.144569253921509988e+00
1.754430007934569957e+01	1.160257849693300036e+00
1.780739974975589845e+01	1.176073889732359934e+00
1.807295036315920100e+01	1.193344092369079901e+00
1.834444999694819955e+01	1.210642218589780050e+00
1.861855030059809835e+01	1.229733371734619940e+00
1.889649963378910158e+01	1.248669834136959977e+00
1.917744922637940164e+01	1.269903354644779991e+00
1.946299934387209873e+01	1.290953125953669955e+00
1.975450038909909978e+01	1.314054474830629982e+00
2.004879951477050071e+01	1.337603363990780059e+00
2.034815025329589844e+01	1.362574338912960092e+00
2.065250015258790128e+01	1.388976621627810104e+00
2.095989990234379974e+01	1.416596827507019984e+00
2.127355003356930041e+01	1.445570063591000043e+00
2.159064960479739881e+01	1.476086845397950098e+00
2.191374969482420099e+01	1.507985038757319929e+00
2.224119949340819957e+01	1.541231770515439914e+00
2.257544994354249823e+01	1.576649098396299964e+00
2.291000080108640091e+01	1.612477006912230060e+00
2.325405025482179866e+01	1.652038927078250063e+00
2.359450054168700106e+01	1.692173476219180017e+00
2.395184993743900037e+01	1.733734416961669966e+00
2.431200027465819957e+01	1.778844280242920073e+00
2.467510032653810015e+01	1.824589638710020001e+00
2.503565025329589844e+01	1.873931646347049895e+00
2.541405010223390093e+01	1.924495425224300060e+00
2.579249954223629970e+01	1.976135711669920081e+00
2.617959976196290128e+01	2.034943542480470047e+00
2.657170009613039952e+01	2.091937646865840161e+00
2.696619987487790127e+01	2.154099512100219993e+00
2.736889934539789948e+01	2.216188526153560101e+00
2.778489971160890093e+01	2.285895099639890127e+00
2.819504928588870030e+01	2.352874097824099842e+00
2.862069988250729935e+01	2.428299970626830007e+00
2.904755020141600141e+01	2.504264564514159908e+00
2.948315048217769885e+01	2.584009370803829864e+00
2.991670036315920100e+01	2.666039705276490146e+00
3.036424922943119853e+01	2.752711391448969813e+00
3.081710052490230112e+01	2.843203115463260211e+00
3.127820014953610084e+01	2.937051382064820082e+00
3.174025058746340022e+01	3.034434585571290199e+00
3.221630096435549717e+01	3.136269388198849928e+00
3.269835090637209873e+01	3.242249698638920208e+00
3.318289947509769888e+01	3.352326688766479990e+00
3.367944908142089844e+01	3.466772880554199965e+00
3.418185043334960227e+01	3.585741777420039966e+00
3.469200134277340197e+01	3.709440898895259853e+00
3.521100044250489702e+01	3.837431707382199964e+00
3.573590087890629974e+01	3.970520629882809960e+00
3.626884841918950286e+01	4.108677368164060262e+00
3.681010055541990056e+01	4.252007312774660264e+00
3.735924911499019885e+01	4.400451087951659623e+00
3.791839981079100141e+01	4.554917335510250354e+00
3.848445129394529829e+01	4.713990383148190411e+00
3.905820083618159799e+01	4.879461746215819851e+00
3.964175033569340201e+01	5.049615859985349786e+00
4.023455047607419743e+01	5.225765628814699859e+00
4.083615112304690342e+01	5.407580375671390271e+00
4.144559860229490056e+01	5.597420768737790375e+00
4.206169891357419743e+01	5.790733623504640271e+00
4.269194984436040130e+01	5.990483856201169743e+00
4.333005142211909799e+01	6.196748065948489703e+00
4.397579956054690342e+01	6.408688545227049893e+00
4.463205146789550071e+01	6.627494869232180008e+00
4.529710006713870030e+01	6.852705745697019957e+00
4.597529983520509944e+01	7.084404830932619745e+00
4.666209983825680041e+01	7.322784824371339596e+00
4.735724830627439985e+01	7.568536186218260298e+00
4.806430053710940342e+01	7.820830059051510297e+00
4.878009986877439985e+01	8.079731750488280184e+00
4.951045036315920100e+01	8.345011329650880327e+00
5.025164985656739702e+01	8.617295265197750354e+00
5.099824905395509944e+01	8.897328567504880326e+00
5.176130104064939985e+01	9.183506393432619319e+00
5.253539848327640271e+01	9.477486228942870738e+00
5.331529998779299717e+01	9.778527069091799362e+00
5.411100006103519888e+01	1.008597183227539951e+01
5.492144966125489702e+01	1.040184497833249999e+01
5.574254989624019885e+01	1.072455158233639949e+01
5.657345008850099788e+01	1.105492515563959977e+01
5.741985130310060015e+01	1.139236888885499965e+01
5.827849960327149859e+01	1.173676204681400037e+01
5.914500045776370030e+01	1.208991470336910012e+01
6.002954864501950283e+01	1.244898014068600034e+01
6.092639923095700283e+01	1.281601371765139952e+01
6.183595085144040127e+01	1.319054603576659979e+01
6.276275062561040130e+01	1.357236461639399927e+01
6.369540023803710227e+01	1.396166076660160016e+01
6.464720153808589487e+01	1.435830402374270065e+01
6.561029815673829546e+01	1.476364021301269958e+01
6.658909988403320312e+01	1.517550697326660014e+01
6.758610153198239345e+01	1.559512004852289913e+01
6.859544754028320312e+01	1.602294235229490127e+01
6.962084960937500000e+01	1.645812377929690129e+01
7.066080093383790484e+01	1.689713096618649857e+01
7.171159744262699576e+01	1.734605293273930116e+01
7.278110122680659799e+01	1.780610580444340130e+01
7.386944961547850141e+01	1.827241973876949999e+01
7.497489929199220171e+01	1.874640464782709870e+01
7.609404754638670454e+01	1.922745452880860029e+01
7.722819900512699576e+01	1.971269210815430029e+01
7.837760162353519888e+01	2.021194076538089845e+01
7.954895019531250000e+01	2.071601104736329901e+01
8.073754882812500000e+01	2.122678428649900084e+01
8.194190216064450283e+01	2.174867630004879970e+01
8.316604995727540484e+01	2.227678680419920099e+01
8.441204833984380684e+01	2.281636047363279829e+01
8.566979980468750000e+01	2.335625053405760099e+01
8.694704818725590201e+01	2.390588951110839844e+01
8.824840164184570312e+01	2.446381187438959870e+01
8.956739807128910513e+01	2.502908699035640083e+01
9.090485000610350141e+01	2.560433387756350143e+01
9.226070022583010655e+01	2.618696975708009944e+01
9.363920211791989345e+01	2.677866363525389914e+01
9.503649902343750000e+01	2.737519233703610055e+01
9.645285034179690342e+01	2.798604774475100143e+01
9.789670181274409799e+01	2.860672004699710058e+01
9.935575103759769888e+01	2.923264884948730113e+01
1.008390998840330042e+02	2.986536598205569959e+01
1.023456001281739987e+02	3.050885200500490058e+01
1.038738021850590059e+02	3.115687736511230099e+01
1.054244499206539984e+02	3.181859970092769885e+01
1.069986495971679972e+02	3.248930358886720171e+01
1.085955505371090055e+02	3.316254806518549714e+01
1.102179489135740056e+02	3.385351943969730115e+01
1.118626480102540057e+02	3.455547714233399859e+01
1.135326995849609943e+02	3.526213836669919743e+01
1.152273521423339986e+02	3.597772598266600141e+01
1.169477005004879970e+02	3.670674880981449917e+01
1.186950988769529971e+02	3.744436645507809658e+01
1.204664993286129970e+02	3.819047180175780198e+01
1.222643508911129970e+02	3.895352172851559658e+01
1.240905494689939985e+02	3.971989822387700286e+01
1.259427490234379974e+02	4.049979019165039773e+01
1.278216018676759944e+02	4.128746032714840197e+01
1.297320480346679972e+02	4.209283828735350141e+01
1.316682968139649859e+02	4.290453720092769885e+01
1.336339950561520027e+02	4.372608215332029857e+01
1.356301498413089917e+02	4.455657226562500028e+01
1.376546554565429972e+02	4.540368652343750000e+01
1.397077484130859943e+02	4.625434494018549714e+01
1.417959442138669885e+02	4.712722366333009916e+01
1.439130477905270027e+02	4.800240280151370342e+01
1.460621948242190058e+02	4.889615631103519888e+01
1.482417984008789915e+02	4.979937362670899859e+01
1.504565505981449860e+02	5.071292739868160027e+01
1.527025451660159945e+02	5.164177703857419743e+01
1.549804534912109943e+02	5.258465576171879974e+01
1.572941970825199860e+02	5.353754806518549714e+01
1.596437454223629970e+02	5.450825500488279829e+01
1.620236434936520027e+02	5.548625564575200286e+01
1.644464492797850141e+02	5.647937011718750000e+01
1.669015045166019888e+02	5.748685455322269888e+01
1.693924484252929972e+02	5.850601165771480083e+01
1.719210510253909945e+02	5.954272460937500000e+01
1.744881057739260086e+02	6.059075698852539915e+01
1.770932464599609943e+02	6.164727783203129974e+01
1.797374954223629970e+02	6.272723007202149859e+01
1.824216995239260086e+02	6.381769393920900058e+01
1.851450958251949999e+02	6.492716979980470171e+01
1.879084014892580115e+02	6.604598999023440342e+01
1.907142028808590055e+02	6.718315124511720171e+01
1.935612487792969887e+02	6.833678436279299717e+01
1.964511489868160083e+02	6.950925445556640625e+01
1.993834457397460085e+02	7.068865966796880684e+01
2.023618011474609943e+02	7.188819244384770002e+01
2.053828964233399859e+02	7.310247802734380684e+01
2.084492950439449999e+02	7.433290100097660513e+01
2.115615997314449999e+02	7.557607269287109375e+01
2.147201004028320028e+02	7.684287689208980510e+01
2.179236984252929972e+02	7.813153076171880684e+01
2.211768493652340055e+02	7.943037963867189433e+01
2.244795455932620030e+02	8.075504302978519888e+01
2.278335494995120030e+02	8.208493041992190342e+01
2.312342529296880116e+02	8.344290924072269888e+01
2.346855010986330115e+02	8.480909729003910513e+01
2.381913986206050140e+02	8.619862365722660513e+01
2.417472457885739914e+02	8.761102661132809999e+01
2.453559951782229973e+02	8.903729553222659376e+01
2.490183944702149859e+02	9.048348999023440342e+01
2.527369003295899859e+02	9.195077514648440342e+01
2.565104064941410229e+02	9.344879913330079546e+01
2.603404083251950283e+02	9.494272644042969489e+01
2.642321472167969887e+02	9.646692657470700283e+01
2.681733551025390057e+02	9.802541595458980339e+01
2.721775970458979828e+02	9.959772491455079546e+01
2.762368469238280113e+02	1.011812515258790057e+02
2.803647003173829830e+02	1.027861904907230013e+02
2.845491485595700283e+02	1.044233779907229973e+02
2.887989044189450283e+02	1.060750350952150001e+02
2.931080017089839771e+02	1.077372741699220029e+02
2.974859008789060226e+02	1.094395904541020030e+02
3.019248504638670170e+02	1.111470108032229973e+02
3.064337463378910229e+02	1.128740692138670028e+02
3.110065002441410229e+02	1.146240768432620030e+02
3.156552124023439774e+02	1.163862304687500000e+02
3.203638000488280113e+02	1.181809310913090059e+02
3.251529998779299717e+02	1.199813308715820028e+02
3.300000000000000000e+02	1.218487182617190001e+02
