#  temperature dependence of magnetization of quartz holder at 2T
#   temperature (K) 	 M/H (emu)
2.000369071960449663e+00	4.873697911916170495e-07
2.244081377983090153e+00	4.632981007285129367e-07
2.678901195526119938e+00	4.516824531112959832e-07
3.087574958801269975e+00	3.977440589946520129e-07
3.484589576721190074e+00	3.874544443014329986e-07
3.912973165512089846e+00	3.592527989208910201e-07
4.338175535202029920e+00	3.480753666029560121e-07
4.761981487274169922e+00	3.193803080164619769e-07
5.203811407089230734e+00	2.936924309509169905e-07
5.655104637145999646e+00	2.666224152679119817e-07
6.111130237579349256e+00	2.690232416926199663e-07
6.570686340332030362e+00	2.137189032244570094e-07
7.011676073074339932e+00	2.430972038513390160e-07
7.474021673202519089e+00	2.092934929744579945e-07
7.943424224853519178e+00	2.050404201597889835e-07
8.398102283477781427e+00	2.050721766847380214e-07
8.853469848632810724e+00	2.127761536417850038e-07
9.316069602966310370e+00	1.974404985121639836e-07
9.799941539764400744e+00	1.700586684368270018e-07
1.026758575439450105e+01	1.599814591433950074e-07
1.073078680038450017e+01	1.588259780267469928e-07
1.120239448547359906e+01	1.565160212014880088e-07
1.167311191558840022e+01	1.561499711187059825e-07
1.214621067047119851e+01	1.499953320606099991e-07
1.262241697311399946e+01	1.351386530314989999e-07
1.310083293914799896e+01	1.263985902598690075e-07
1.358655166625980115e+01	1.071784113602789961e-07
1.406359243392940073e+01	1.014991789901100056e-07
1.453320693969730115e+01	1.095446570982989998e-07
1.500451946258540126e+01	8.970453833819150953e-08
1.557438898086549983e+01	1.011889325963290076e-07
1.617674684524540041e+01	9.500236146198981377e-08
1.670726299285890093e+01	1.015610885016759957e-07
1.718243980407710225e+01	8.747814324709990581e-08
1.767340087890620026e+01	9.874209768375369440e-08
1.816966056823730113e+01	8.307555959530839780e-08
1.864538383483889916e+01	7.795535542533639298e-08
1.912131690978999998e+01	7.397276190639799579e-08
1.960324287414550071e+01	7.718255222514999957e-08
2.008547210693360086e+01	6.406316315241110332e-08
2.058618354797360084e+01	7.269617683448720589e-08
2.105736732482910156e+01	7.541080649771400261e-08
2.154029464721680043e+01	7.187680812113850366e-08
2.202527046203610084e+01	7.428915466052249992e-08
2.249584865570069780e+01	5.680074866685240240e-08
2.298546981811520240e+01	6.783855123217970022e-08
2.347988605499270065e+01	6.637027806306409837e-08
2.395623397827149859e+01	6.144979720622019229e-08
2.444899272918700106e+01	6.204629671054990667e-08
2.493239402771000002e+01	5.502007596351439667e-08
2.542135524749760123e+01	5.205713080170089796e-08
2.590973949432369849e+01	4.923499766462330309e-08
2.638391399383539593e+01	5.454843633962840163e-08
2.687224578857420099e+01	2.966747441962839962e-08
2.736362552642819779e+01	4.569562706819410435e-08
2.783451843261719816e+01	3.247764692930670105e-08
2.833499336242680045e+01	4.382704816651490637e-08
2.881710052490230112e+01	3.220324122432689679e-08
2.929895305633539593e+01	3.217450761440870256e-08
2.979407501220699928e+01	2.737087943900330162e-08
3.027628231048580076e+01	3.917777338094439811e-08
3.075222301483150034e+01	3.723144414932730311e-08
3.123256969451900034e+01	3.779018427900129927e-08
3.173493194580079901e+01	3.902956751382779850e-08
3.221532058715819602e+01	3.771394343602590067e-08
3.269511795043950286e+01	2.723000624802359998e-08
3.317843627929689632e+01	1.413372387801600171e-08
3.366512680053710227e+01	2.366871673495709844e-08
3.416394424438480115e+01	3.745583023700789864e-08
3.466092491149900212e+01	2.572680819171020212e-08
3.512162208557129617e+01	2.727471453174740138e-08
3.561922645568849788e+01	2.900185361514240490e-08
3.610669898986819959e+01	9.246024621168499932e-09
3.659145736694339490e+01	3.037295053612280116e-08
3.707899284362789416e+01	1.564104158368629856e-08
3.756919860839840197e+01	1.377151713092099970e-08
3.806586265563959870e+01	1.315633568204110153e-08
3.854932975769039416e+01	1.741423264108639950e-08
3.902619552612299714e+01	1.828100008424599955e-08
3.951103210449220171e+01	1.697663488638090284e-08
4.000687408447270599e+01	1.220884649632749944e-08
4.049523735046390271e+01	1.300338560467300090e-08
4.097414970397949929e+01	8.083486479810370711e-09
4.147237777709960227e+01	1.582247466214210242e-08
4.197391510009770599e+01	1.355190357396689920e-08
4.247390747070310368e+01	7.092163637567529126e-09
4.294854736328120026e+01	1.817983868574359958e-08
4.343006134033200283e+01	8.268293219980958784e-09
4.392222404479979758e+01	9.729840741503609176e-09
4.441441345214840197e+01	9.937764764208399990e-09
4.490569686889650569e+01	1.466194570483309895e-08
4.537596130371090197e+01	1.781173770689859867e-08
4.586872291564939275e+01	1.069034814763680065e-08
4.638547897338870030e+01	1.098506801770140101e-08
4.686204910278320312e+01	1.362236458030380051e-08
4.733586692810060725e+01	9.272217080065719788e-09
4.782295989990229401e+01	2.009741177129620092e-08
4.831098175048830257e+01	1.882548005564889894e-08
4.881500053405759587e+01	-4.647776896951169939e-09
4.931148910522460227e+01	2.811433258461439911e-11
4.979592323303220525e+01	1.863461628694000221e-09
5.027145385742189632e+01	1.219602259244080112e-08
5.076984977722170100e+01	-1.273060251796570182e-08
5.124671173095700283e+01	3.625362847541300402e-09
5.174502182006839490e+01	3.951980778000450097e-09
5.223534774780270595e+01	5.924217307692340059e-09
5.272904777526860443e+01	-8.254520205695380271e-10
5.321512985229490056e+01	1.979577126615710194e-09
5.369513893127439275e+01	1.145331839907620036e-08
5.418341064453129974e+01	9.034686822499741727e-09
5.468038558959960227e+01	2.326884460114669720e-09
5.517216873168950286e+01	5.545273177012289721e-09
5.565728378295900569e+01	5.231737346347270454e-09
5.616164207458499646e+01	-5.869009519441999379e-10
5.666800308227539773e+01	1.331540629745009840e-09
5.715748977661129970e+01	7.227275710836030622e-09
5.764834403991699929e+01	-1.389171370009600190e-08
5.812764930725099788e+01	1.564024156327999951e-09
5.860844802856450286e+01	9.526563829396200476e-09
5.912650108337400212e+01	-2.466124242131850186e-08
5.961588478088379617e+01	4.529796124339439843e-09
6.009797286987299714e+01	-5.369141220567610495e-09
6.058798980712889914e+01	-5.466639179136230420e-09
6.107236862182620030e+01	-1.523677666220330144e-08
6.155454635620120030e+01	3.153168074445289772e-09
6.203977584838870030e+01	5.089750962611239066e-09
6.252586364746090197e+01	-1.167446393546339990e-08
6.303472900390629974e+01	-1.373138226115199865e-08
6.350576782226560368e+01	-2.238940755305799695e-08
6.400941276550290127e+01	-6.318830498397170410e-09
6.451197814941410513e+01	-8.315449382413531040e-09
6.500299835205079546e+01	-1.235886907572340011e-08
6.549330902099610796e+01	1.918091988584859816e-08
6.598426437377929688e+01	1.457504260751970059e-08
6.647457504272459516e+01	-4.770343192156500630e-09
6.696898651123049717e+01	3.431403414800159753e-09
6.745448684692379970e+01	-8.655731174103579214e-09
6.795239257812500000e+01	-9.993451761568439950e-09
6.845199203491209516e+01	-1.877985754178530094e-09
6.892511367797850141e+01	-1.128834797141649930e-08
6.941743850708009234e+01	-2.236588658977470113e-08
6.990867614746089487e+01	-1.024913420633009998e-08
7.041648864746090908e+01	-1.004571649702800132e-08
7.091594314575191049e+01	-2.045152546686850087e-08
7.140149688720700283e+01	-2.225456297122249841e-08
7.188230895996090908e+01	-1.670309581528250081e-08
7.236341094970700283e+01	-1.872528347064060055e-08
7.285804367065429688e+01	-3.525659568803929457e-09
7.335474777221679688e+01	3.982204102615399952e-10
7.384560012817379970e+01	-9.455746751871141630e-10
7.435084533691409092e+01	-3.578367657638040436e-08
7.483496093750000000e+01	-1.869096084532220100e-08
7.532449722290040484e+01	1.867098589844920116e-08
7.581372451782229405e+01	7.575522416036920549e-09
7.630545425415040484e+01	2.255406562932950418e-08
7.679736709594729405e+01	-1.422498215240840097e-08
7.729893112182620030e+01	-2.902654539150119877e-08
7.779718780517579546e+01	-1.991437207758840158e-08
7.830350112915040484e+01	-1.031156239495799942e-08
7.878487014770509234e+01	-2.801226708918550063e-08
7.927138519287109375e+01	-1.414018831175250111e-08
7.976749038696290484e+01	-1.854208050305840011e-08
8.025033950805659799e+01	-1.371186598136769724e-09
8.074874496459959516e+01	-6.799057911761011572e-09
8.126106262207029829e+01	-9.034570728257300334e-09
8.175159454345700283e+01	-2.761379367047509537e-08
8.224701690673829546e+01	1.442629174033310162e-08
8.272530746459959516e+01	-3.813755180333799787e-08
8.321591567993159799e+01	1.185524480431770038e-08
8.371686935424808951e+01	1.879178653355110100e-08
8.422383117675779829e+01	-2.815942165623549968e-08
8.473701477050779829e+01	-2.676820471208640175e-08
8.523159027099609375e+01	-2.674192370211749899e-08
8.570313644409179688e+01	6.717100109955899042e-09
8.619406509399409799e+01	5.625276528247539587e-10
8.668814849853519888e+01	-2.054191323773820139e-08
8.717772293090820312e+01	-3.994417887324279432e-08
8.766849899291990766e+01	-1.857549983242469890e-08
8.817091369628910513e+01	1.704972135626879835e-08
8.868606567382808237e+01	-6.457572100679580067e-09
8.917574310302730112e+01	-2.464324928446959741e-08
8.967128753662109375e+01	-3.110663108163399810e-08
9.017890167236329546e+01	1.962954032121500073e-08
9.068973922729490766e+01	-2.051402815654899650e-08
9.118909072875980826e+01	-2.487775156793490245e-08
9.168775177001948862e+01	-9.975707442751779931e-09
9.216216659545899859e+01	-2.155485986198899957e-08
9.265386581420899859e+01	-8.466874645721359868e-09
9.314766311645509234e+01	3.006319336626920388e-08
9.363982772827149859e+01	-4.896390233778920484e-08
9.413621139526371451e+01	-2.956491134697640033e-09
9.463782119750980826e+01	-2.055086753922850352e-08
9.513507843017579546e+01	-5.349897070457630435e-08
9.565367507934570312e+01	-1.067843112407380117e-08
9.614128494262699576e+01	-1.755256430202340305e-08
9.663577270507808237e+01	-2.417436417847539949e-08
9.713313674926759234e+01	-2.440322733666329987e-08
9.763025665283198862e+01	-1.872080617771600289e-08
9.812451934814448862e+01	-1.656335939999220091e-08
9.862159347534179688e+01	1.906673348360959882e-08
9.912909698486329546e+01	-1.794238868370580267e-09
9.962539672851558237e+01	-1.497106257940960078e-08
1.001139755249020027e+02	1.262097061116959836e-08
1.006165237426759944e+02	-4.513244585521749871e-08
1.011081886291500069e+02	7.357776691567469438e-08
1.016185188293460016e+02	-3.030184151236849724e-08
1.021197738647459943e+02	4.315558947008210572e-09
1.026089401245120030e+02	1.032725091821420045e-08
1.031187934875489987e+02	-2.747375090087589498e-08
1.036222229003910087e+02	1.041468504513049999e-10
1.041095199584959943e+02	-4.501367362384980458e-09
1.046010818481450144e+02	-1.132689052327280027e-08
1.050983467102050071e+02	-1.270491659797590078e-08
1.055830764770509944e+02	6.997053956549890264e-10
1.061070938110349999e+02	1.878224636670129999e-08
1.065898895263670028e+02	-2.379465018570959877e-09
1.070885200500489987e+02	7.829122147972839652e-10
1.075798263549800140e+02	6.153383011006359918e-08
1.080790176391599999e+02	4.926769616360009809e-09
1.085831069946290057e+02	-3.676188277478420397e-08
1.090851364135740056e+02	-1.543078740870629703e-08
1.095796165466309873e+02	-1.545386260740080006e-09
1.100855255126950141e+02	4.073645638419330130e-09
1.105764427185059873e+02	-2.525405827949240201e-08
1.110829582214360016e+02	1.760416016011760319e-09
1.115907096862789984e+02	-2.351097892060180281e-08
1.120816116333009944e+02	-1.829494053916249744e-08
1.125667686462399928e+02	-1.709556081332689741e-08
1.130670089721680114e+02	-2.316742445880039975e-08
1.135464973449710016e+02	2.430886795775089700e-08
1.140581893920900001e+02	-3.878781609712089920e-09
1.145485496520999931e+02	3.441855336314789878e-09
1.150596847534180114e+02	-3.796771949944019841e-08
1.155594635009770030e+02	-1.553418374166710180e-08
1.160501327514650001e+02	-3.691975562291190099e-08
1.165479202270509944e+02	5.859645506563020074e-09
1.170598068237300140e+02	-3.528679021462700124e-08
1.175655441284180114e+02	-1.560299539575290005e-08
1.180817451477050071e+02	1.250335743947889969e-09
1.185536499023439916e+02	1.169342741661220022e-08
1.190487213134770030e+02	-7.785477147462210505e-09
1.195551681518549856e+02	-2.350721861060609677e-08
1.200325584411619957e+02	-2.039472859752900090e-08
1.205260620117189916e+02	-1.772177837908270034e-08
1.210252227783199857e+02	1.288817815648610090e-08
1.215228996276860016e+02	3.807017230209450214e-09
1.220142745971680114e+02	-4.285789228835020276e-08
1.225073471069339917e+02	1.637808107169950148e-08
1.230214576721190127e+02	-3.228793413454959861e-08
1.235183563232420028e+02	-2.257643278400279889e-08
1.240170593261720029e+02	-1.057597297486449866e-08
1.245255432128910087e+02	-1.655109808707610061e-08
1.250263938903809873e+02	-1.378407092037079892e-08
1.255203590393070101e+02	-1.278584722029440028e-08
1.260109558105470029e+02	-2.136783592670889647e-08
1.265105705261230042e+02	-2.600687502981950282e-08
1.270201835632319955e+02	6.870863855709808956e-09
1.275274887084959943e+02	-1.552801386308669916e-08
1.280164833068849930e+02	-2.578630809017779671e-08
1.285013122558590055e+02	-3.723172159631489985e-08
1.290048675537109943e+02	-2.311378054510160159e-08
1.294985198974609943e+02	-1.432615324204409953e-09
1.300035018920899859e+02	-1.521821946860160022e-08
1.304934234619140057e+02	-4.179674547963189859e-08
1.310080337524410083e+02	-2.548501633825160404e-08
1.315194702148440058e+02	-1.939680675380679968e-08
1.320185852050779829e+02	1.114091998479859834e-09
1.325064315795899859e+02	-1.500960453987820004e-08
1.329923248291019888e+02	-1.718191138193979790e-08
1.334943923950199860e+02	-1.394984736388959927e-08
1.340048751831049856e+02	-1.723093606759480086e-08
1.344941711425779829e+02	-1.099050005939770074e-08
1.349781951904300001e+02	-1.983010790321550172e-08
1.354674072265620168e+02	-1.617609091974779851e-08
1.359598922729490198e+02	-8.920532833279530005e-09
1.364584350585940058e+02	-2.673158189521799756e-08
1.369552841186520027e+02	-1.888876669388539953e-08
1.374736709594729973e+02	-1.828369574559159876e-08
1.379761047363279829e+02	-2.222819714781309798e-08
1.384582977294919885e+02	-2.645878852941410183e-08
1.389501571655270027e+02	-1.700025273601769993e-08
1.394423675537109943e+02	-2.416641044678499921e-08
1.399471969604490198e+02	-2.956951404585229889e-09
1.404752120971679972e+02	-2.231850444343089676e-08
1.409648666381839917e+02	-1.181524541416599976e-08
1.414678497314449999e+02	-1.500678182819010012e-08
1.419567031860350141e+02	-1.495938643558240083e-08
1.424536209106450144e+02	-1.644811830198510023e-08
1.429528121948240198e+02	-2.384898309666480140e-08
1.434729385375979973e+02	-1.246090291667709971e-08
1.439521789550779829e+02	-9.897188136482689699e-09
1.444515304565429972e+02	-1.126081365990270028e-08
1.449365844726559942e+02	-1.365097696821579860e-08
1.454378433227539915e+02	-2.520573472977569690e-08
1.459439773559570028e+02	-1.658336570370999713e-08
1.464401931762699860e+02	-1.777784519364319878e-08
1.469330520629879970e+02	-1.103487746149219961e-08
1.474367675781250000e+02	-2.248810237084170025e-08
1.479489059448240198e+02	-1.499959956128290159e-08
1.484445266723629970e+02	-2.350854588941400204e-08
1.489358444213870030e+02	-1.415590892693820065e-08
1.494204330444339917e+02	-1.325237033914180019e-08
1.499174118041990198e+02	-1.789728584154789896e-08
1.504221496582029829e+02	-1.058657638652730047e-08
1.509250946044919885e+02	-2.689194929067319672e-08
1.513986587524410083e+02	-1.215738084132700043e-08
1.519126052856450144e+02	-1.618129492277979717e-08
1.524210510253909945e+02	-1.317691194290989949e-08
1.529113922119140057e+02	-1.032858196969319934e-08
1.534143600463870030e+02	-2.670733698121259789e-08
1.539192123413089917e+02	-7.111768700647409593e-09
1.544202957153320028e+02	-2.155637932292949760e-08
1.549117965698240198e+02	-8.554076076558228657e-09
1.554043426513669885e+02	-1.509281559658310119e-08
1.559023284912109943e+02	-7.192547791017930346e-09
1.564162750244140057e+02	-1.083503463064090089e-08
1.569128570556640057e+02	-8.088827653064240276e-09
1.574060745239259802e+02	-1.503092985426520036e-08
1.578986358642580115e+02	-1.791505530163060265e-08
1.583930664062500000e+02	-2.959814162302259601e-10
1.588904190063479973e+02	-1.780823144324059920e-08
1.593803710937500000e+02	-2.283075316778430143e-08
1.598748779296870168e+02	-1.717134983167969831e-08
1.603932952880859943e+02	-8.397883217584449628e-09
1.608977966308590055e+02	-2.271295390820249814e-08
1.613992691040039915e+02	-1.565617344450900096e-08
1.618735656738279829e+02	-1.772359764316539906e-08
1.623838043212890057e+02	-2.372757676093080040e-08
1.628894195556640057e+02	-1.829025803723959824e-08
1.633766937255859943e+02	-2.079714909923280033e-08
1.638816757202149859e+02	-2.275572859355680062e-08
1.643969268798830115e+02	-2.130882106378070241e-08
1.648935623168950144e+02	-2.351803675636770272e-08
1.653822402954100141e+02	-2.159515610517779753e-08
1.658643188476559942e+02	-1.285924887514989907e-08
1.663639221191409945e+02	-1.603174017497619907e-08
1.668674011230470171e+02	-1.905152943245110243e-08
1.673548355102539915e+02	-9.975645624308158781e-09
1.678587112426759802e+02	-1.121444918010759960e-08
1.683550491333009802e+02	-1.268951888410909973e-08
1.688509140014649859e+02	-1.619452546684780183e-08
1.693641510009769888e+02	-2.373976302349330257e-08
1.698538665771480112e+02	-1.241640790599070120e-08
1.703563003540039915e+02	-1.665940128357610165e-08
1.708550720214840055e+02	-1.175550303817090110e-08
1.713518905639649859e+02	-1.018313934069879888e-08
1.718536758422850141e+02	-3.052295113018039425e-09
1.723616027832030113e+02	-2.950964457978069828e-08
1.728777313232419885e+02	-2.876118875235839950e-08
1.733717498779300001e+02	-2.041722313852630109e-08
1.738567199707030113e+02	-2.750771316791700100e-08
1.743528060913090201e+02	-2.312338339828140104e-08
1.748502883911130255e+02	-1.081752652658319857e-08
1.753373947143550140e+02	-2.298425430090069633e-08
1.758581008911130255e+02	-1.159731882350560130e-08
1.763442687988280113e+02	-1.497129750242610028e-08
1.768474884033199999e+02	-7.112267509161159615e-09
1.773349075317380255e+02	-2.116554290594199960e-08
1.778183593750000000e+02	-8.648683966149179011e-09
1.783258514404300001e+02	-1.263212747055719878e-08
1.788171463012699860e+02	-2.309029591084099965e-08
1.793188705444340201e+02	-3.018697911311700254e-08
1.798293991088869745e+02	-2.357062314126700222e-08
1.803260192871090055e+02	-1.320879567838530117e-08
1.808354949951169885e+02	2.591505062979780116e-10
1.813330688476559942e+02	4.792680973061889291e-09
1.818170089721679972e+02	-9.814582948676879059e-09
1.823173446655270027e+02	-1.482795368371049991e-08
1.828215942382809942e+02	-1.307591197043949892e-08
1.833269042968750000e+02	-2.926411601987710093e-08
1.838307037353519888e+02	-1.869093300882629861e-08
1.843366546630860228e+02	8.580556994199541813e-09
1.848316116333010086e+02	-1.857528512537730145e-08
1.853263397216800001e+02	-1.041048482272700125e-09
1.858309707641600141e+02	-6.096297511310629632e-09
1.863190536499020027e+02	-2.003697129032679951e-08
1.868156356811520027e+02	-3.151832019332930209e-08
1.873188858032229973e+02	-2.009884189146199829e-08
1.878167114257809942e+02	-2.539741807367049863e-08
1.883069381713869745e+02	-3.142427668249140335e-08
1.887972793579100141e+02	-1.083564208153029963e-08
1.893196105957030113e+02	-1.572686597193050217e-08
1.898045043945309942e+02	1.025088173095509926e-08
1.903001556396480112e+02	2.123622532579779765e-08
1.907904510498050001e+02	1.110069954427249949e-08
1.912900238037110228e+02	-1.297314150892310198e-10
1.917847442626949999e+02	-5.639275871637479293e-09
1.922840728759769888e+02	-1.515045905624719713e-08
1.927912445068360228e+02	-7.611278217072220832e-09
1.932917022705080115e+02	1.155527888416389796e-08
1.937843704223630255e+02	-3.918150303734830327e-09
1.942691497802730112e+02	-2.102925609257420093e-08
1.947679367065429972e+02	-2.461540742957200126e-08
1.952752304077149859e+02	-8.157785191261070437e-09
1.957989807128909945e+02	-6.557425956030820694e-08
1.962950363159179972e+02	-1.427975606421429843e-08
1.967966842651369745e+02	-1.069838074018089862e-08
1.973029861450199860e+02	1.278114726230730085e-09
1.977851409912110228e+02	2.072088707934069963e-09
1.982727355957030113e+02	-8.026704327650769897e-09
1.987607421875000000e+02	8.649086140816149881e-09
1.992763366699219887e+02	-1.946325407343780141e-08
1.997763900756840201e+02	-1.138186597722199951e-08
2.002604217529300001e+02	-2.989877785896769472e-08
2.007520446777340055e+02	-4.311350599101599748e-09
2.012536926269530113e+02	3.773085146509259714e-09
2.017540130615230112e+02	7.352769730830900724e-09
2.022638473510739914e+02	-1.431648931311280067e-08
2.027509307861330115e+02	3.560176939950210081e-11
2.032692031860350141e+02	-3.835679000934760068e-08
2.037687759399409799e+02	2.249099075684480101e-09
2.042597351074219887e+02	-1.332864957577379949e-08
2.047584915161130255e+02	-1.431653039891120130e-08
2.052546997070309942e+02	-1.028127794195870063e-08
2.057475204467770027e+02	-1.750918624074080042e-08
2.062604064941409945e+02	-1.864256760261000105e-08
2.067419891357419885e+02	1.508221237077360183e-08
2.072516937255860228e+02	-1.248086581701219977e-08
2.077522048950199860e+02	-1.348622388049519964e-08
2.082603530883789915e+02	-1.828252653605479974e-08
2.087523269653320028e+02	-1.564443130673250027e-08
2.092393341064449999e+02	-1.030919195757869893e-08
2.097416839599610228e+02	-1.732973773266379846e-08
2.102467727661130255e+02	5.517146696641670186e-09
2.107248992919919885e+02	-1.350671149832399854e-08
2.112276458740230112e+02	-7.737877692745421148e-09
2.117406845092770027e+02	-1.426469266680270125e-08
2.122369384765620168e+02	-2.488333540115770172e-08
2.127320251464840055e+02	-1.583334147274020160e-08
2.132263717651369745e+02	-3.584630532485240101e-09
2.137415008544919885e+02	-7.935100955042120288e-09
2.142555389404300001e+02	-4.934611188614510017e-08
2.147376556396480112e+02	-1.417360883433830153e-08
2.152304458618159799e+02	-2.489539300221990308e-08
2.157281341552730112e+02	-1.676853839870980130e-08
2.162287597656250000e+02	-1.052333383488630084e-08
2.167238235473630255e+02	-1.662600446992959838e-08
2.172082519531250000e+02	-6.475429428915869779e-09
2.177298965454100141e+02	-1.675559572155540011e-08
2.182327651977539915e+02	-9.594507258571121577e-09
2.187083816528320028e+02	-2.757889951614459791e-08
2.192095108032229973e+02	-3.192076452527840076e-09
2.197191009521480112e+02	5.734785654819010385e-09
2.202115402221679972e+02	-2.201260871589439722e-08
2.207210464477539915e+02	-2.066067125537280024e-08
2.212000198364260086e+02	-1.426185614720860150e-08
2.217111587524409799e+02	4.529097143411699904e-09
2.222054290771480112e+02	-1.003985151179859974e-08
2.227019195556639772e+02	-1.511476873540939915e-08
2.232004623413090201e+02	-6.151027417352989046e-09
2.236980590820309942e+02	-9.096560507958710842e-09
2.242017135620119745e+02	-1.760875421011439738e-08
2.247115249633789915e+02	-2.964310965242990147e-08
2.252099151611330115e+02	-2.441978181859259774e-08
2.257007217407229973e+02	-1.680402196045350062e-08
2.261968688964840055e+02	-5.027238609967350265e-09
2.266878662109379832e+02	-4.916518199909520235e-09
2.271957778930659799e+02	-1.215300440107350121e-08
2.277015533447269888e+02	-1.050996911951790017e-08
2.281955413818360228e+02	-5.595359915011880107e-09
2.286823501586909799e+02	-2.507595614956580042e-08
2.291773529052730112e+02	-1.662119987615040062e-08
2.296790618896480112e+02	-2.231703441257099958e-08
2.301759490966800001e+02	-1.654298878674590079e-08
2.306631622314449999e+02	-1.676853502384509926e-08
2.311535339355469887e+02	-2.434308838393620219e-08
2.316547775268550140e+02	-1.586833044463289865e-08
2.321631546020510086e+02	-1.642178364116889845e-08
2.326606903076169885e+02	-1.230348062712399879e-08
2.331668701171870168e+02	-2.319797126926499869e-08
2.336659088134769888e+02	-6.565785175840699682e-09
2.341611633300780113e+02	-1.210893132832409921e-08
2.346643753051760086e+02	-1.882165095688679655e-08
2.351797637939449999e+02	-1.639739204173220198e-08
2.356823577880860228e+02	-2.261740265008829998e-08
2.361927947998050001e+02	-1.777616374406889820e-08
2.366766433715820028e+02	-1.588039152755010195e-08
2.371497650146480112e+02	-1.212488066302929924e-08
2.376474151611330115e+02	-2.134114208659610028e-08
2.381623229980469887e+02	-2.205337229431170085e-08
2.386606521606449860e+02	-1.440976565771240065e-08
2.391540222167969887e+02	-1.591127132641160048e-08
2.396490173339840055e+02	-1.701371573676020062e-08
2.401730957031250000e+02	-7.876185417768248241e-09
2.406752090454100141e+02	-1.598013256710870223e-08
2.411514511108399859e+02	-1.946310855277220087e-08
2.416408767700200144e+02	-2.398683690593990220e-08
2.421426620483399859e+02	-2.136638482342359877e-08
2.426388931274409799e+02	-1.824581640413069954e-08
2.431428298950200144e+02	-1.973436401504769924e-08
2.436300506591800001e+02	-1.909921502304019965e-08
2.441293334960940058e+02	-1.791084899592330211e-08
2.446238861083980112e+02	-2.692014529688549675e-08
2.451150817871090055e+02	-3.646103263409259820e-08
2.456217269897460085e+02	-8.561446442005299532e-10
2.461343002319340201e+02	-3.580890285161500351e-09
2.466417388916019888e+02	-1.878427540099009856e-08
2.471522140502929972e+02	-1.647765624904839901e-08
2.476234970092770027e+02	-1.712847940313370116e-08
2.481195526123050001e+02	-2.104504151242589973e-08
2.486310043334960085e+02	-1.536961976242899920e-08
2.491221618652340055e+02	-2.190864994300070000e-08
2.496187667846679972e+02	-2.360743031452970283e-08
2.501130447387700144e+02	-2.629621460495979970e-08
2.506175460815429972e+02	-2.086693076268180154e-08
2.511205749511719887e+02	-3.232222750464810115e-08
2.516017227172850141e+02	-1.077862508309500052e-08
2.521007156372070028e+02	-1.927528777071489924e-08
2.526016769409179972e+02	-3.022886549311540293e-08
2.530901260375979973e+02	-2.070679479270950024e-08
2.535910797119139772e+02	-1.782253765518510147e-08
2.540905227661130255e+02	-2.746338824171450039e-08
2.545904846191409945e+02	-2.732177949803270205e-08
2.551027603149409799e+02	-1.168554681449479904e-08
2.555894012451169885e+02	-9.955369664705269529e-09
2.560932922363280113e+02	-2.601244426238970156e-08
2.566000213623049717e+02	-2.459174283334549694e-08
2.571010742187500000e+02	-2.438801016708979845e-08
2.576122589111329830e+02	-2.341898043481350396e-08
2.580966186523440342e+02	-2.217255676646540025e-08
2.585997314453130116e+02	-2.078205351874580122e-08
2.590896606445309658e+02	-2.233674934843779872e-08
2.595752716064450283e+02	-3.262234908094880262e-08
2.600759887695309658e+02	-1.753591735886679875e-08
2.605777282714839771e+02	-3.589618881241199721e-08
2.610833282470700283e+02	-2.579820766335140115e-08
2.615993041992190342e+02	-2.758715837330660205e-08
2.620971527099609943e+02	-2.119629912399550147e-08
2.626046600341799717e+02	-2.736777280776819639e-08
2.630981903076170170e+02	-3.053683654012779535e-08
2.635771179199219887e+02	-1.366454976613009789e-08
2.640618438720700283e+02	-2.670811074211880236e-09
2.645608367919920170e+02	-3.175571578862380026e-08
2.650678558349609943e+02	-4.031921633571410500e-08
2.655688018798829830e+02	-3.483579764035919763e-08
2.660861968994140057e+02	-2.713572219290089747e-08
2.665864257812500000e+02	-2.088159229339149730e-08
2.670876770019530113e+02	-2.043346018786729811e-08
2.675753936767579830e+02	-2.207440504115589796e-08
2.680881347656250000e+02	-2.354106028647029628e-08
2.685711517333980396e+02	-5.465823707585449695e-09
2.690885162353519604e+02	-2.460604897638879894e-08
2.695846557617190342e+02	-8.256553458667869978e-09
2.700721435546869884e+02	-2.016970602197530057e-08
2.705705871582030113e+02	-2.125381567090120094e-08
2.710658111572269604e+02	-1.274336400971509956e-08
2.715568389892579830e+02	-2.133500522969810056e-08
2.720632324218750000e+02	-1.404552727098949912e-08
2.725490570068359943e+02	-2.150243837657479797e-08
2.730565490722660229e+02	-1.540105944515069997e-08
2.735655822753910229e+02	-1.268399327175780145e-08
2.740483245849609943e+02	-7.275563592572420983e-09
2.745419464111329830e+02	-1.211574159325129919e-08
2.750421752929690342e+02	-1.596155437938089980e-08
2.755349273681640057e+02	-1.876992099145459888e-08
2.760412902832030113e+02	-9.252097739652410221e-09
2.765451965332030113e+02	-2.230581068953980044e-08
2.770652465820309658e+02	-1.836737961791390000e-08
2.775637664794920170e+02	-2.086871693576529838e-08
2.780508117675780113e+02	-1.514903812795039924e-08
2.785433959960940342e+02	-2.739347446569029840e-08
2.790407257080079830e+02	-1.599425437579389859e-08
2.795598297119140057e+02	-1.636448643439060276e-08
2.800522460937500000e+02	-1.788814156504460123e-08
2.805412139892579830e+02	-1.370139487253679953e-08
2.810382690429690342e+02	-1.262955242969620009e-08
2.815295867919920170e+02	-2.968212187089070180e-08
2.820396423339839771e+02	-1.770995157044139785e-08
2.825377044677730396e+02	-2.629902343322689920e-08
2.830350036621089771e+02	-1.936080156608620046e-08
2.835355377197269604e+02	-9.137282341482141590e-09
2.840423889160160229e+02	-1.323799565113580030e-08
2.845415802001950283e+02	-1.363180888335720006e-08
2.850296783447269604e+02	-3.469134235959100223e-08
2.855237121582030113e+02	-2.025329451930950141e-08
2.860180511474609943e+02	-1.777663309916409906e-08
2.865326232910160229e+02	-1.565376107403610159e-08
2.870207214355469887e+02	-4.443101247205500164e-08
2.875332031250000000e+02	-2.543243328036410191e-08
2.880250091552730396e+02	-1.956920451264670027e-08
2.885137939453130116e+02	-1.441965013758290188e-08
2.890204467773440342e+02	-2.046223585895440030e-08
2.895095062255859943e+02	-1.508967279840940088e-08
2.900036163330079830e+02	-1.441095830044299897e-08
2.905063629150390057e+02	-2.364278523969519955e-08
2.910070800781250000e+02	-2.440331208251269918e-08
2.915046997070309658e+02	-3.482466757785279736e-08
2.919940490722660229e+02	-2.427995424974430111e-08
2.924868621826170170e+02	-2.166416156164300289e-08
2.929919433593750000e+02	-1.608783244320739983e-08
2.935007019042969887e+02	-1.680123213870240003e-08
2.939907073974609943e+02	-8.124008267027420897e-09
2.945071258544920170e+02	-2.145011131393310063e-08
2.949997863769530113e+02	-2.386398907421160147e-08
2.955207366943359943e+02	-1.226076825534269951e-08
2.960565185546869884e+02	-1.448344472200419960e-08
2.965479125976559658e+02	-1.737191306509169973e-08
2.970198364257809658e+02	-2.971647478283219926e-08
2.975161743164059658e+02	-6.663132902107969723e-09
2.979966125488280113e+02	-2.708042202020720228e-08
2.985041656494140057e+02	-1.868579348015349995e-08
2.989593658447269604e+02	-2.390378716481809793e-08
2.993024444580079830e+02	-2.714190654108939697e-08
2.995099182128910229e+02	-3.088690595515750043e-08
2.996452178955079830e+02	-3.223420684449999661e-08
2.997364349365230396e+02	-4.235698351077299490e-08
2.997997589111329830e+02	-2.147287044940650023e-08
2.998458251953130116e+02	-3.233749288283219753e-08
2.998805236816410229e+02	-3.518612899059309658e-08
2.999060974121089771e+02	-2.798156069145120346e-08
2.999270172119140057e+02	-2.591862197529060033e-08
